5  2.2727  2.1818  2.1818  2.1818
6  2.3750  2.3750  2.3750  2.3750
7  2.8182  2.7273  2.7273  2.7273
8  2.8966  2.8966  2.8966  2.8966
9  3.0270  2.9459  2.8919  2.8919
10  3.2174  3.0870  3.1087  3.0652
11  3.2679  3.2143  3.2143  3.1964
12  3.5075  3.3731  3.3433  3.3284
13  3.5063  3.4051  3.4304  3.3924
14  3.7391  3.6304  3.5978  3.6087
15  3.8019  3.6132  3.5849  3.5472
16  3.9256  3.8017  3.7355  3.7521
17  4.1241  3.8832  3.9708  3.8175
18  4.1299  3.9870  4.0260  3.9416
19  4.2326  4.0814  4.0523  4.0174
20  4.3822  4.1675  4.1885  4.1152
21  4.4550  4.2559  4.2417  4.1991
22  4.5690  4.4267  4.3578  4.2931
23  4.6969  4.5354  4.5000  4.3976
24  4.7509  4.4874  4.4477  4.3827
25  4.8173  4.5880  4.5615  4.4817
26  4.8681  4.7055  4.6564  4.6043
27  5.0369  4.7727  4.7528  4.6648
28  5.0000  4.8021  4.7625  4.6860
29  5.1843  4.9287  4.9189  4.7838
30  5.2500  5.0459  4.9679  4.8922
