5 7333 7063 4714 5406
6 9093 8965 5965 5690
7 14045 13708 9431 9232
8 34544 33424 23729 22439
9 35554 35546 24372 24104
10 26161 25587 17944 17937
11 25984 25720 18119 18382
12 41157 40521 29057 29240
13 42863 42960 30000 30605
14 41695 42103 29558 30564
15 49851 50115 36252 37670
16 46786 47282 33669 35851
17 55715 56764 39659 42250
18 59456 61001 43301 45578
19 72045 73705 52512 55756
20 73863 75942 53312 57046
21 91127 94063 67680 72679
22 94063 97506 68896 74016
23 110236 112945 80530 86648
24 111496 116335 82179 89148
25 130087 135731 94442 103996
26 137770 143804 100285 109577
27 148966 156208 107003 117979
28 154547 162217 111609 123574
29 167072 175536 121704 135215
30 175479 185940 129129 145233
