m n_v111 n_v112 n_v121 n_v122 n_v211 n_v212 n_v221 n_v222
0      18      18      18      18      18      18      18      18
1      18      18      18      18      18      18      18      18
2      18      18      18      18      18      18      18      18
3      18      18      18      18      18      18      18      18
4      18      18      18      18      18      18      18      18
5      18      18      18      18      18      18      18      18
6      18      18      18      18      18      18      18      18
7      18      18      18      18      18      18      18      18
8      18      18      18      18      18      18      18      18
9      18      18      18      18      18      18      18      18
10      18      18      18      18      18      18      18      18
11      18      18      18      18      18      18      18      18
12      18      18      18      18      18      18      18      18
13      18      18      18      18      18      18      18      18
14      18      18      18      18      18      18      18      18
15      18      18      18      18      18      18      18      18
16      18      18      18      18      18      18      18      18
17      18      18      18      18      18      18      18      18
18      18      18      18      18      18      18      18      18
19      18      18      18      18      18      18      18      18
20      18      18      18      18      18      18      18      18
21      18      18      18      18      18      18      18      18
22      19      19      19      19      19      19      19      19
23      19      19      19      19      19      19      19      19
24      19      19      19      19      19      19      19      19
25      19      19      19      19      19      19      19      19
26      19      19      19      19      19      19      19      19
27      19      19      19      19      19      19      19      19
28      19      19      19      19      19      19      19      19
29      20      20      20      20      20      20      20      20
30      20      20      20      20      20      20      20      20
31      20      20      20      20      20      20      20      20
32      20      20      20      20      20      20      20      20
33      20      20      20      20      20      20      20      20
34      20      20      20      20      20      20      20      20
35      20      20      20      20      20      20      20      20
36      20      20      20      20      20      20      20      20
37      20      20      20      20      20      20      20      20
38      20      20      20      20      20      20      20      20
39      20      20      20      20      20      20      20      20
40      20      20      20      20      20      20      20      20
41      20      20      20      20      20      20      20      20
42      20      20      20      20      20      20      20      20
43      20      20      20      20      20      20      20      20
44      20      20      20      20      20      20      20      20
45      20      20      20      20      20      20      20      20
46      20      20      20      20      20      20      20      20
47      20      20      20      20      20      20      20      20
48      20      20      20      20      20      20      20      20
49      20      20      20      20      20      20      20      20
50      20      20      20      20      20      20      20      20
51      20      20      20      20      20      20      20      20
52      20      20      20      20      20      20      20      20
53      20      20      20      20      20      20      20      20
54      20      20      20      20      20      20      20      20
55      20      20      20      20      20      20      20      20
56      21      21      21      21      21      21      21      21
57      21      21      21      21      21      21      21      21
58      21      21      21      21      21      21      21      21
59      21      21      21      21      21      21      21      21
60      21      21      21      21      21      21      21      21
61      21      21      21      21      21      21      21      21
62      21      21      21      21      21      21      21      21
63      21      21      21      21      21      21      21      21
64      21      21      21      21      21      21      21      21
65      21      21      21      21      21      21      21      21
66      21      21      21      21      21      21      21      21
67      22      22      22      22      22      22      22      22
68      22      22      22      22      22      22      22      22
69      22      22      22      22      22      22      22      22
70      22      22      22      22      22      22      22      22
71      22      22      22      22      22      22      22      22
72      22      22      22      22      22      22      22      22
73      22      22      22      22      22      22      22      22
74      22      22      22      22      22      22      22      22
75      22      22      22      22      22      22      22      22
76      22      22      22      22      22      22      22      22
77      22      22      22      22      22      22      22      22
78      22      22      22      22      22      22      22      22
79      22      22      22      22      22      22      22      22
80      22      22      22      22      22      22      22      22
81      22      22      22      22      22      22      22      22
82      22      22      22      22      22      22      22      22
83      22      22      22      22      22      22      22      22
84      22      22      22      22      22      22      22      22
85      22      22      22      22      22      22      22      22
86      22      22      22      22      22      22      22      22
87      22      22      22      22      22      22      22      22
88      22      22      22      22      22      22      22      22
89      22      22      22      22      22      22      22      22
90      22      22      22      22      22      22      22      22
91      22      22      22      22      22      22      22      22
92      22      22      22      22      22      22      22      22
93      22      22      22      22      22      22      22      22
94      22      22      22      22      22      22      22      22
95      22      22      22      22      22      22      22      22
96      22      22      22      22      22      22      22      22
97      22      22      22      22      22      22      22      22
98      22      22      22      22      22      22      22      22
99      22      22      22      22      22      22      22      22
100      22      22      22      22      22      22      22      22
101      22      22      22      22      22      22      22      22
102      22      22      22      22      22      22      22      22
103      22      22      22      22      22      22      22      22
104      22      22      22      22      22      22      22      22
105      22      22      22      22      22      22      22      22
106      23      23      23      23      23      23      23      23
107      23      23      23      23      23      23      23      23
108      23      23      23      23      23      23      23      23
109      23      23      23      23      23      23      23      23
110      23      23      23      23      23      23      23      23
111      23      23      23      23      23      23      23      23
112      23      23      23      23      23      23      23      23
113      23      23      23      23      23      23      23      23
114      23      23      23      23      23      23      23      23
115      23      23      23      23      23      23      23      23
116      23      23      23      23      23      23      23      23
117      23      23      23      23      23      23      23      23
118      23      23      23      23      23      23      23      23
119      23      23      23      23      23      23      23      23
120      23      23      23      23      23      23      23      23
121      24      24      24      24      24      24      24      24
122      24      24      24      24      24      24      24      24
123      24      24      24      24      24      24      24      24
124      24      24      24      24      24      24      24      24
125      24      24      24      24      24      24      24      24
126      24      24      24      24      24      24      24      24
127      24      24      24      24      24      24      24      24
128      24      24      24      24      24      24      24      24
129      24      24      24      24      24      24      24      24
130      24      24      24      24      24      24      24      24
131      24      24      24      24      24      24      24      24
132      24      24      24      24      24      24      24      24
133      24      24      24      24      24      24      24      24
134      24      24      24      24      24      24      24      24
135      24      24      24      24      24      24      24      24
136      24      24      24      24      24      24      24      24
137      24      24      24      24      24      24      24      24
138      24      24      24      24      24      24      24      24
139      24      24      24      24      24      24      24      24
140      24      24      24      24      24      24      24      24
141      24      24      24      24      24      24      24      24
142      24      24      24      24      24      24      24      24
143      24      24      24      24      24      24      24      24
144      24      24      24      24      24      24      24      24
145      24      24      24      24      24      24      24      24
146      24      24      24      24      24      24      24      24
147      24      24      24      24      24      24      24      24
148      24      24      24      24      24      24      24      24
149      24      24      24      24      24      24      24      24
150      24      24      24      24      24      24      24      24
151      24      24      24      24      24      24      24      24
152      24      24      24      24      24      24      24      24
153      24      24      24      24      24      24      24      24
154      24      24      24      24      24      24      24      24
155      24      24      24      24      24      24      24      24
156      24      24      24      24      24      24      24      24
157      24      24      24      24      24      24      24      24
158      24      24      24      24      24      24      24      24
159      24      24      24      24      24      24      24      24
160      24      24      24      24      24      24      24      24
161      24      24      24      24      24      24      24      24
162      24      24      24      24      24      24      24      24
163      24      24      24      24      24      24      24      24
164      24      24      24      24      24      24      24      24
165      24      24      24      24      24      24      24      24
166      24      24      24      24      24      24      24      24
167      24      24      24      24      24      24      24      24
168      24      24      24      24      24      24      24      24
169      24      24      24      24      24      24      24      24
170      24      24      24      24      24      24      24      24
171      24      24      24      24      24      24      24      24
172      25      25      25      25      25      25      25      25
173      25      25      25      25      25      25      25      25
174      25      25      25      25      25      25      25      25
175      25      25      25      25      25      25      25      25
176      25      25      25      25      25      25      25      25
177      25      25      25      25      25      25      25      25
178      25      25      25      25      25      25      25      25
179      25      25      25      25      25      25      25      25
180      25      25      25      25      25      25      25      25
181      25      25      25      25      25      25      25      25
182      25      25      25      25      25      25      25      25
183      25      25      25      25      25      25      25      25
184      25      25      25      25      25      25      25      25
185      25      25      25      25      25      25      25      25
186      25      25      25      25      25      25      25      25
187      25      25      25      25      25      25      25      25
188      25      25      25      25      25      25      25      25
189      25      25      25      25      25      25      25      25
190      25      25      25      25      25      25      25      25
191      26      26      26      26      26      26      26      26
192      26      26      26      26      26      26      26      26
193      26      26      26      26      26      26      26      26
194      26      26      26      26      26      26      26      26
195      26      26      26      26      26      26      26      26
196      26      26      26      26      26      26      26      26
197      26      26      26      26      26      26      26      26
198      26      26      26      26      26      26      26      26
199      26      26      26      26      26      26      26      26
200      26      26      26      26      26      26      26      26
201      26      26      26      26      26      26      26      26
202      26      26      26      26      26      26      26      26
203      26      26      26      26      26      26      26      26
204      26      26      26      26      26      26      26      26
205      26      26      26      26      26      26      26      26
206      26      26      26      26      26      26      26      26
207      26      26      26      26      26      26      26      26
208      26      26      26      26      26      26      26      26
209      26      26      26      26      26      26      26      26
210      26      26      26      26      26      26      26      26
211      26      26      26      26      26      26      26      26
212      26      26      26      26      26      26      26      26
213      26      26      26      26      26      26      26      26
214      26      26      26      26      26      26      26      26
215      26      26      26      26      26      26      26      26
216      26      26      26      26      26      26      26      26
217      26      26      26      26      26      26      26      26
218      26      26      26      26      26      26      26      26
219      26      26      26      26      26      26      26      26
220      26      26      26      26      26      26      26      26
221      26      26      26      26      26      26      26      26
222      26      26      26      26      26      26      26      26
223      26      26      26      26      26      26      26      26
224      26      26      26      26      26      26      26      26
225      26      26      26      26      26      26      26      26
226      26      26      26      26      26      26      26      26
227      26      26      26      26      26      26      26      26
228      26      26      26      26      26      26      26      26
229      26      26      26      26      26      26      26      26
230      26      26      26      26      26      26      26      26
231      26      26      26      26      26      26      26      26
232      26      26      26      26      26      26      26      26
233      26      26      26      26      26      26      26      26
234      26      26      26      26      26      26      26      26
235      26      26      26      26      26      26      26      26
236      26      26      26      26      26      26      26      26
237      26      26      26      26      26      26      26      26
238      26      26      26      26      26      26      26      26
239      26      26      26      26      26      26      26      26
240      26      26      26      26      26      26      26      26
241      26      26      26      26      26      26      26      26
242      26      26      26      26      26      26      26      26
243      26      26      26      26      26      26      26      26
244      26      26      26      26      26      26      26      26
245      26      26      26      26      26      26      26      26
246      26      26      26      26      26      26      26      26
247      26      26      26      26      26      26      26      26
248      26      26      26      26      26      26      26      26
249      26      26      26      26      26      26      26      26
250      26      26      26      26      26      26      26      26
251      26      26      26      26      26      26      26      26
252      26      26      26      26      26      26      26      26
253      26      26      26      26      26      26      26      26
254      27      27      27      27      27      27      27      27
255      27      27      27      27      27      27      27      27
256      27      27      27      27      27      27      27      27
257      27      27      27      27      27      27      27      27
258      27      27      27      27      27      27      27      27
259      27      27      27      27      27      27      27      27
260      27      27      27      27      27      27      27      27
261      27      27      27      27      27      27      27      27
262      27      27      27      27      27      27      27      27
263      27      27      27      27      27      27      27      27
264      27      27      27      27      27      27      27      27
265      27      27      27      27      27      27      27      27
266      27      27      27      27      27      27      27      27
267      27      27      27      27      27      27      27      27
268      27      27      27      27      27      27      27      27
269      27      27      27      27      27      27      27      27
270      27      27      27      27      27      27      27      27
271      27      27      27      27      27      27      27      27
272      27      27      27      27      27      27      27      27
273      27      27      27      27      27      27      27      27
274      27      27      27      27      27      27      27      27
275      27      27      27      27      27      27      27      27
276      27      27      27      27      27      27      27      27
277      28      28      28      28      28      28      28      28
278      28      28      28      28      28      28      28      28
279      28      28      28      28      28      28      28      28
280      28      28      28      28      28      28      28      28
281      28      28      28      28      28      28      28      28
282      28      28      28      28      28      28      28      28
283      28      28      28      28      28      28      28      28
284      28      28      28      28      28      28      28      28
285      28      28      28      28      28      28      28      28
286      28      28      28      28      28      28      28      28
287      28      28      28      28      28      28      28      28
288      28      28      28      28      28      28      28      28
289      28      28      28      28      28      28      28      28
290      28      28      28      28      28      28      28      28
291      28      28      28      28      28      28      28      28
292      28      28      28      28      28      28      28      28
293      28      28      28      28      28      28      28      28
294      28      28      28      28      28      28      28      28
295      28      28      28      28      28      28      28      28
296      28      28      28      28      28      28      28      28
297      28      28      28      28      28      28      28      28
298      28      28      28      28      28      28      28      28
299      28      28      28      28      28      28      28      28
300      28      28      28      28      28      28      28      28
301      28      28      28      28      28      28      28      28
302      28      28      28      28      28      28      28      28
303      28      28      28      28      28      28      28      28
304      28      28      28      28      28      28      28      28
305      28      28      28      28      28      28      28      28
306      28      28      28      28      28      28      28      28
307      28      28      28      28      28      28      28      28
308      28      28      28      28      28      28      28      28
309      28      28      28      28      28      28      28      28
310      28      28      28      28      28      28      28      28
311      28      28      28      28      28      28      28      28
312      28      28      28      28      28      28      28      28
313      28      28      28      28      28      28      28      28
314      28      28      28      28      28      28      28      28
315      28      28      28      28      28      28      28      28
316      28      28      28      28      28      28      28      28
317      28      28      28      28      28      28      28      28
318      28      28      28      28      28      28      28      28
319      28      28      28      28      28      28      28      28
320      28      28      28      28      28      28      28      28
321      28      28      28      28      28      28      28      28
322      28      28      28      28      28      28      28      28
323      28      28      28      28      28      28      28      28
324      28      28      28      28      28      28      28      28
325      28      28      28      28      28      28      28      28
326      28      28      28      28      28      28      28      28
327      28      28      28      28      28      28      28      28
328      28      28      28      28      28      28      28      28
329      28      28      28      28      28      28      28      28
330      28      28      28      28      28      28      28      28
331      28      28      28      28      28      28      28      28
332      28      28      28      28      28      28      28      28
333      28      28      28      28      28      28      28      28
334      28      28      28      28      28      28      28      28
335      28      28      28      28      28      28      28      28
336      28      28      28      28      28      28      28      28
337      28      28      28      28      28      28      28      28
338      28      28      28      28      28      28      28      28
339      28      28      28      28      28      28      28      28
340      28      28      28      28      28      28      28      28
341      28      28      28      28      28      28      28      28
342      28      28      28      28      28      28      28      28
343      28      28      28      28      28      28      28      28
344      28      28      28      28      28      28      28      28
345      28      28      28      28      28      28      28      28
346      28      28      28      28      28      28      28      28
347      28      28      28      28      28      28      28      28
348      28      28      28      28      28      28      28      28
349      28      28      28      28      28      28      28      28
350      28      28      28      28      28      28      28      28
351      28      28      28      28      28      28      28      28
352      29      29      29      29      29      29      29      29
353      29      29      29      29      29      29      29      29
354      29      29      29      29      29      29      29      29
355      29      29      29      29      29      29      29      29
356      29      29      29      29      29      29      29      29
357      29      29      29      29      29      29      29      29
358      29      29      29      29      29      29      29      29
359      29      29      29      29      29      29      29      29
360      29      29      29      29      29      29      29      29
361      29      29      29      29      29      29      29      29
362      29      29      29      29      29      29      29      29
363      29      29      29      29      29      29      29      29
364      29      29      29      29      29      29      29      29
365      29      29      29      29      29      29      29      29
366      29      29      29      29      29      29      29      29
367      29      29      29      29      29      29      29      29
368      29      29      29      29      29      29      29      29
369      29      29      29      29      29      29      29      29
370      29      29      29      29      29      29      29      29
371      29      29      29      29      29      29      29      29
372      29      29      29      29      29      29      29      29
373      29      29      29      29      29      29      29      29
374      29      29      29      29      29      29      29      29
375      29      29      29      29      29      29      29      29
376      29      29      29      29      29      29      29      29
377      29      29      29      29      29      29      29      29
378      29      29      29      29      29      29      29      29
379      30      30      30      30      30      30      30      30
380      30      30      30      30      30      30      30      30
381      30      30      30      30      30      30      30      30
382      30      30      30      30      30      30      30      30
383      30      30      30      30      30      30      30      30
384      30      30      30      30      30      30      30      30
385      30      30      30      30      30      30      30      30
386      30      30      30      30      30      30      30      30
387      30      30      30      30      30      30      30      30
388      30      30      30      30      30      30      30      30
389      30      30      30      30      30      30      30      30
390      30      30      30      30      30      30      30      30
391      30      30      30      30      30      30      30      30
392      30      30      30      30      30      30      30      30
393      30      30      30      30      30      30      30      30
394      30      30      30      30      30      30      30      30
395      30      30      30      30      30      30      30      30
396      30      30      30      30      30      30      30      30
397      30      30      30      30      30      30      30      30
398      30      30      30      30      30      30      30      30
399      30      30      30      30      30      30      30      30
400      30      30      30      30      30      30      30      30
401      30      30      30      30      30      30      30      30
402      30      30      30      30      30      30      30      30
403      30      30      30      30      30      30      30      30
404      30      30      30      30      30      30      30      30
405      30      30      30      30      30      30      30      30
406      30      30      30      30      30      30      30      30
407      30      30      30      30      30      30      30      30
408      30      30      30      30      30      30      30      30
409      30      30      30      30      30      30      30      30
410      30      30      30      30      30      30      30      30
411      30      30      30      30      30      30      30      30
412      30      30      30      30      30      30      30      30
413      30      30      30      30      30      30      30      30
414      30      30      30      30      30      30      30      30
415      30      30      30      30      30      30      30      30
416      30      30      30      30      30      30      30      30
417      30      30      30      30      30      30      30      30
418      30      30      30      30      30      30      30      30
419      30      30      30      30      30      30      30      30
420      30      30      30      30      30      30      30      30
421      30      30      30      30      30      30      30      30
422      30      30      30      30      30      30      30      30
423      30      30      30      30      30      30      30      30
424      30      30      30      30      30      30      30      30
425      30      30      30      30      30      30      30      30
426      30      30      30      30      30      30      30      30
427      30      30      30      30      30      30      30      30
428      30      30      30      30      30      30      30      30
429      30      30      30      30      30      30      30      30
430      30      30      30      30      30      30      30      30
431      30      30      30      30      30      30      30      30
432      30      30      30      30      30      30      30      30
433      30      30      30      30      30      30      30      30
434      30      30      30      30      30      30      30      30
435      30      30      30      30      30      30      30      30
