n+m n_v111 n_v112 n_v121 n_v122 n_v211 n_v212 n_v221 n_v222
5  5.0000  5.0000  5.0000  5.0000  5.0000  5.0000  5.0000  5.0000
6  5.0000  5.0000  5.0000  5.0000  5.0000  5.0000  5.0000  5.0000
7  5.3333  5.3333  5.3333  5.3333  5.3333  5.0000  5.0000  5.3333
8  5.2500  5.2500  5.2500  5.2500  5.2500  5.2500  5.2500  5.2500
9  5.8000  5.8000  5.8000  5.6000  5.8000  5.8000  5.8000  5.8000
10  6.0000  5.5000  5.8333  6.0000  6.0000  5.6667  5.6667  5.6667
11  6.0000  6.0000  6.0000  6.0000  6.0000  6.0000  6.0000  6.0000
12  6.1250  6.0000  6.1250  6.3750  6.1250  6.1250  6.5000  6.0000
13  6.5556  6.5556  6.5556  6.6667  6.5556  6.5556  6.7778  6.4444
14  6.8000  6.6000  7.2000  6.7000  6.8000  6.8000  7.5000  7.1000
15  7.0000  7.1818  7.0909  7.2727  7.0000  7.0909  7.0909  7.0909
16  7.7273  7.9091  7.8182  8.0909  7.7273  7.8182  8.0909  8.0000
17  8.5000  8.3333  8.6667  8.6667  8.5000  8.2500  8.2500  8.5833
18  8.7692  8.6923  8.6923  8.8462  8.7692  8.8462  8.7692  8.8462
19  8.9286  8.7857  8.9286  9.2143  8.9286  8.9286  9.1429  8.9286
20  9.1333  9.0667  9.2667  9.1333  9.1333  9.2000  9.2667  9.2000
21  9.5625  9.4375  9.6250  9.7500  9.5625  9.6875  9.6875  9.6875
22 10.5000 10.5000 10.9375 10.6250 10.5000 10.6250 10.5625 10.6250
23 10.8824 10.7059 10.8235 10.7059 10.8824 10.8235 10.9412 11.0588
24 10.7778 10.7222 11.0556 11.1111 10.7778 10.9444 11.0000 11.1111
25 11.3158 11.1579 11.4737 11.5263 11.3158 11.2105 11.3684 11.4211
26 11.5500 11.5500 11.5500 11.7000 11.5500 11.5000 11.8000 12.0000
27 12.1429 12.0476 12.2857 12.4286 12.1429 12.2381 12.3333 12.4286
28 12.0000 12.2273 12.2727 12.4091 12.0000 12.3182 12.3182 12.3182
29 13.0909 12.9545 13.0000 13.1818 13.0909 13.0909 13.2727 13.3636
30 13.3478 13.4783 13.3913 13.5217 13.3478 13.4348 13.8261 13.5217
31 13.1304 12.7826 13.0000 13.0870 13.1304 13.0435 13.0435 13.0000
32 12.8696 13.0000 12.8261 13.0000 12.8696 12.6522 13.0435 13.1739
33 12.3478 11.9565 12.4783 12.3043 12.3478 12.0435 12.4348 12.6522
34 11.9565 12.1739 12.1739 12.4783 11.9565 11.9565 12.2609 12.1304
35 11.7391 11.7391 11.7826 11.8696 11.7391 11.9565 11.6957 11.8696
36 11.3913 11.0435 11.4783 11.5217 11.3913 11.3043 11.5217 11.6522
37 11.3636 11.4545 11.7273 11.8182 11.3636 11.3636 11.6364 11.4091
38 10.8636 10.8636 11.3636 11.7273 10.8636 11.1364 11.5000 11.3182
39 10.7273 10.6364 11.1818 10.6364 10.7273 10.9545 10.8182 10.9545
40 10.8182 10.5455 11.1818 11.1364 10.8182 10.5909 11.4545 11.0909
41 10.2273 10.3636 10.7727 10.4545 10.2273 10.5455 10.5000 10.5000
42 10.2727  9.9091 10.4091 10.3182 10.2727  9.8636 10.1818 10.5000
43  9.7273 10.1364  9.9091  9.9545  9.7273  9.7273 10.1818  9.9545
44  9.4545  9.6364  9.7727  9.6364  9.4545  9.5455 10.1364  9.9091
45  9.3182  9.5000  9.6818  9.4091  9.3182  9.5455  9.1818  9.6818
46  9.9524  9.6667 10.1429 10.1429  9.9524  9.5238 10.0952 10.2381
47  9.7619  9.9524  9.9524 10.0000  9.7619  9.6190 10.0952 10.2857
48  9.2381  9.7143  9.3810  9.1429  9.2381  9.4762  9.4286  9.7143
49  8.9048  9.2857  9.5238  9.1905  8.9048  9.1429  9.0476  9.4762
50  8.9048  8.9048  9.1905  9.2381  8.9048  9.0952  9.1905  9.4286
51  8.9524  8.8095  9.0476  8.7143  8.9524  8.6190  9.0000  8.9048
52  8.9048  8.7619  9.0000  9.0476  8.9048  8.6667  8.7143  8.8571
53  8.7143  8.7143  8.9048  8.5714  8.7143  8.9524  8.7619  8.9524
54  8.4286  8.2857  8.1429  8.8571  8.4286  7.9524  7.9524  8.2381
55  8.1429  7.8095  8.2381  8.3810  8.1429  8.0000  8.0952  8.3333
56  8.7000  8.6500  8.4500  8.5500  8.7000  8.5500  8.1500  9.0000
57  8.5500  8.4000  8.8500  8.8500  8.5500  8.6000  8.7500  8.3500
58  8.1000  8.3000  8.6500  8.4000  8.1000  8.4500  8.6500  8.3000
59  8.3000  7.9500  8.2000  8.4000  8.3000  8.3500  8.4500  7.9000
60  8.3000  8.3500  7.9000  7.9000  8.3000  8.3500  8.2500  8.5000
61  7.9500  7.1500  8.0500  7.8000  7.9500  7.7500  7.9500  7.9000
62  8.1000  8.2000  8.0500  8.1500  8.1000  7.8500  7.4000  8.3000
63  7.7500  7.4000  7.5000  7.4000  7.7500  7.8000  7.6000  7.6000
64  7.6500  7.0500  7.7000  7.6000  7.6500  7.4000  7.5000  7.5500
65  7.4500  7.7500  7.4000  7.6500  7.4500  7.3500  7.0000  7.6000
66  7.5000  7.6000  7.3000  7.6000  7.5000  7.5500  7.3500  7.6500
67  7.5789  7.6842  7.7895  7.6316  7.5789  7.7895  7.5789  7.3158
68  7.5789  7.4211  7.3158  7.5789  7.5789  7.5789  7.3158  7.6842
69  7.5789  7.6842  7.5263  7.4211  7.5789  7.6316  7.4737  7.5263
70  6.8947  7.0526  7.3684  6.8947  6.8947  7.5789  7.4737  7.3158
71  7.2105  7.0000  7.3684  7.4211  7.2105  7.2632  7.3684  7.6316
72  7.3158  7.1579  7.1579  7.0526  7.3158  7.3158  7.2105  7.2105
73  7.2105  7.3158  6.9474  6.9474  7.2105  7.4737  7.1053  6.8947
74  7.0526  7.1579  7.3158  7.0000  7.0526  7.1579  6.5263  6.7368
75  6.6842  6.6316  7.0526  6.2105  6.6842  7.2105  7.0000  7.0000
76  6.7368  6.6842  6.7895  6.8421  6.7368  6.5789  6.9474  6.5789
77  7.1579  7.0000  7.0000  6.6842  7.1579  6.7368  6.7895  6.7895
78  6.4737  6.6316  6.5263  6.6842  6.4737  6.4737  6.7895  6.1579
79  7.0556  7.1667  6.6667  6.7778  7.0556  6.8333  6.7222  6.7222
80  7.3333  6.7222  6.9444  6.6667  7.3333  7.0556  6.5556  6.5556
81  6.8333  7.0556  6.6667  6.8889  6.8333  6.8333  6.7222  6.6111
82  6.5556  7.1111  6.5556  6.6667  6.5556  6.7222  6.3333  6.7778
83  6.6667  6.5000  6.5556  6.3333  6.6667  6.3333  6.4444  6.4444
84  6.6111  6.2222  6.3333  6.2778  6.6111  6.6111  6.5556  6.3333
85  6.5556  6.3889  6.0000  6.2222  6.5556  6.3889  6.2778  6.3889
86  6.3333  6.3889  6.3889  6.2222  6.3333  6.1667  6.3889  6.6667
87  6.5556  6.0000  6.5556  6.1111  6.5556  6.3333  6.0000  6.3333
88  6.2222  6.2222  6.6667  6.6111  6.2222  6.2222  6.5000  6.2222
89  6.0556  6.2778  6.0556  5.8889  6.0556  6.5556  6.1111  6.1667
90  6.1111  6.5556  5.8889  5.9444  6.1111  6.2222  6.1111  6.2778
91  6.0556  6.1667  5.9444  6.0000  6.0556  6.3333  6.0000  5.7222
92  6.6471  6.2941  5.9412  6.3529  6.6471  6.1765  6.4706  6.2941
93  6.4118  6.2353  6.1176  6.0588  6.4118  6.2941  6.5294  5.9412
94  6.1765  6.2353  5.9412  6.2353  6.1765  6.2353  6.2941  6.1765
95  5.8235  6.4118  6.2353  6.0000  5.8235  6.4706  6.5294  6.2941
96  5.8824  6.0000  6.5882  5.8824  5.8824  6.1765  5.7647  5.6471
97  5.9412  6.3529  6.2353  5.9412  5.9412  5.7059  5.8235  6.4118
98  6.1765  6.1176  6.1765  5.8824  6.1765  6.0000  5.7647  6.0588
99  5.7059  5.6471  5.9412  5.8235  5.7059  6.0000  6.2353  5.5882
100  5.7059  6.0588  5.7647  5.9412  5.7059  5.8235  5.7647  5.7059
101  6.3529  5.7059  5.8824  5.4118  6.3529  6.0588  5.5294  5.8235
102  6.0000  5.8235  5.5294  5.4706  6.0000  5.5294  5.3529  5.4118
103  5.8824  5.8824  5.3529  5.0588  5.8824  5.5882  4.9412  5.4118
104  5.2941  5.7647  5.2353  5.2941  5.2941  5.5294  5.4118  5.4118
105  5.4118  5.5294  5.3529  5.2941  5.4118  5.5882  5.5294  5.5294
106  6.1250  5.5625  5.6875  5.7500  6.1250  5.8125  6.1250  5.4375
107  5.8125  5.5000  5.7500  5.6875  5.8125  5.6250  5.7500  5.6250
108  6.0000  5.8750  5.6875  5.5625  6.0000  6.0000  6.0625  5.5000
109  5.6875  5.3750  5.1250  5.7500  5.6875  5.7500  5.3125  5.5000
110  5.5000  5.7500  5.6875  5.6250  5.5000  5.5625  5.4375  5.5000
111  5.6250  5.7500  5.6250  5.3750  5.6250  5.6875  5.3750  5.6250
112  5.6250  5.3750  5.6875  5.5000  5.6250  5.9375  5.6875  5.6875
113  5.5000  5.7500  5.3750  5.2500  5.5000  5.5625  5.4375  5.4375
114  5.6250  5.4375  5.1250  5.2500  5.6250  5.5625  5.0000  5.0625
115  5.5625  5.1250  5.1250  5.2500  5.5625  5.6875  5.2500  5.0625
116  5.6250  5.0625  5.3125  4.6875  5.6250  5.3125  5.0000  5.0625
117  5.5000  5.4375  5.4375  5.1875  5.5000  5.3750  5.3125  5.2500
118  4.8750  5.3125  5.0000  5.0625  4.8750  5.7500  4.8750  5.1250
119  5.4375  5.6875  5.2500  5.1250  5.4375  5.5000  4.8125  5.2500
120  4.8750  4.8750  4.5000  4.8750  4.8750  5.3125  5.0000  4.8750
121  5.5333  5.4667  4.9333  5.1333  5.5333  5.1333  4.6667  5.0000
122  5.3333  4.6000  5.1333  5.2667  5.3333  4.9333  4.8667  5.4000
123  5.1333  5.4000  5.2667  5.4000  5.1333  5.2667  4.8667  5.0000
124  5.4667  4.9333  5.0000  4.8000  5.4667  5.2000  4.9333  4.2667
125  5.6000  5.2667  5.1333  4.8667  5.6000  5.6000  5.3333  5.2000
126  5.0000  5.0000  5.3333  4.6667  5.0000  5.0667  4.8000  4.8667
127  5.0667  5.0000  5.2000  4.7333  5.0667  5.0000  4.8667  5.0667
128  5.3333  5.4667  4.9333  5.0000  5.3333  5.4000  4.9333  4.5333
129  4.6667  5.2000  4.6000  4.6000  4.6667  4.9333  5.2000  5.2000
130  4.6000  5.0000  4.3333  4.6667  4.6000  5.1333  4.3333  4.8667
131  4.7333  5.1333  4.5333  5.2000  4.7333  4.9333  4.9333  5.0000
132  4.8667  4.8667  5.0000  4.9333  4.8667  4.4667  4.5333  4.5333
133  5.2667  4.9333  4.9333  4.9333  5.2667  5.1333  4.8667  4.5333
134  4.4667  5.1333  4.6000  4.6667  4.4667  4.8000  4.7333  4.6667
135  4.4667  4.6667  4.8667  4.9333  4.4667  4.9333  4.6000  4.3333
136  4.8667  5.0000  4.8667  4.3333  4.8667  4.8667  4.5333  4.8667
137  4.9286  4.8571  4.8571  4.7143  4.9286  5.1429  4.7143  4.7857
138  5.0714  4.7143  5.0714  5.0000  5.0714  5.2857  4.4286  5.2143
139  4.9286  4.9286  5.0000  4.6429  4.9286  4.8571  4.8571  5.1429
140  4.6429  4.8571  5.2857  4.5000  4.6429  5.0714  4.8571  5.1429
141  5.0000  4.7143  4.6429  4.7143  5.0000  4.8571  4.2857  4.6429
142  4.5714  4.7857  4.5714  4.7857  4.5714  4.7857  4.6429  4.8571
143  5.0714  5.0000  4.5000  4.1429  5.0714  4.5714  4.2143  4.4286
144  4.7143  4.2857  4.6429  4.7143  4.7143  4.7143  4.7143  4.7143
145  5.0714  5.0000  4.5714  4.5714  5.0714  4.8571  4.2143  4.7143
146  4.7857  4.6429  4.4286  4.6429  4.7857  4.7143  4.0714  4.5714
147  4.5714  4.6429  4.5000  4.2143  4.5714  4.5714  4.5000  4.2143
148  5.0714  5.0714  4.5000  4.3571  5.0714  4.6429  4.1429  4.0714
149  4.5714  4.2857  4.3571  4.5000  4.5714  4.3571  4.5000  4.4286
150  4.3571  4.4286  4.3571  5.0000  4.3571  4.5000  4.5000  4.5000
151  4.7857  4.2143  4.5000  4.0714  4.7857  4.0714  4.3571  4.5000
152  4.3571  4.4286  4.2857  4.1429  4.3571  4.7857  4.0714  4.2857
153  4.3571  3.8571  4.2143  4.2857  4.3571  4.5714  4.2857  4.3571
154  4.2308  4.6923  4.3077  4.3077  4.2308  4.3846  4.6923  4.8462
155  4.4615  4.1538  4.5385  4.0769  4.4615  4.6154  4.3846  4.3077
156  4.5385  4.5385  4.2308  4.6923  4.5385  4.5385  4.5385  4.3846
157  4.6154  4.4615  4.4615  4.4615  4.6154  4.8462  4.5385  4.3846
158  4.2308  4.3077  4.3077  4.6923  4.2308  4.5385  4.1538  4.3077
159  4.5385  4.8462  4.0769  4.0769  4.5385  4.7692  4.3077  4.5385
160  4.3846  4.6154  4.3846  3.7692  4.3846  4.3846  4.0000  4.3077
161  4.0769  4.4615  4.0769  4.3846  4.0769  4.0769  4.0769  4.0000
162  4.2308  4.6154  4.2308  4.0000  4.2308  4.6154  4.4615  4.0000
163  4.0769  4.1538  3.9231  4.3077  4.0769  4.2308  4.0769  4.0769
164  4.1538  4.3077  4.0769  4.0769  4.1538  4.3077  4.0000  4.1538
165  4.0769  4.1538  3.7692  4.0000  4.0769  4.0769  4.1538  4.0769
166  4.5385  4.4615  4.0769  4.2308  4.5385  4.6154  3.8462  3.9231
167  4.2308  4.7692  4.0000  4.3846  4.2308  3.9231  4.0769  4.1538
168  4.1538  4.4615  4.0000  4.0000  4.1538  4.2308  4.2308  4.3846
169  4.0769  4.1538  3.9231  4.0000  4.0769  3.8462  3.7692  3.8462
170  3.8462  4.1538  3.9231  3.6923  3.8462  4.3846  4.0000  3.9231
171  4.5385  3.8462  4.3077  3.7692  4.5385  4.3077  4.2308  4.0000
172  4.5000  4.3333  4.0833  4.2500  4.5000  4.2500  4.0833  4.2500
173  3.9167  4.2500  4.0833  3.8333  3.9167  4.0000  3.9167  4.3333
174  4.1667  3.8333  3.9167  4.6667  4.1667  4.3333  3.8333  3.8333
175  4.3333  4.0000  4.0000  3.9167  4.3333  4.2500  4.3333  3.6667
176  4.2500  3.9167  4.3333  4.0000  4.2500  4.3333  4.0000  4.1667
177  4.2500  4.5000  3.9167  3.7500  4.2500  4.4167  4.1667  4.1667
178  4.2500  4.6667  3.7500  3.8333  4.2500  3.9167  4.1667  3.8333
179  4.0833  3.8333  3.9167  3.6667  4.0833  4.0833  3.8333  4.4167
180  4.2500  4.1667  3.8333  3.7500  4.2500  3.8333  4.0833  4.0000
181  3.9167  4.0000  3.6667  3.9167  3.9167  4.0833  3.5833  3.8333
182  3.9167  3.8333  3.4167  3.6667  3.9167  4.2500  3.6667  3.9167
183  3.9167  4.0833  3.9167  3.8333  3.9167  4.0000  4.0833  3.6667
184  3.5833  3.6667  3.6667  3.6667  3.5833  4.0833  4.0833  3.4167
185  3.7500  4.0000  3.5000  3.8333  3.7500  4.0000  3.6667  3.3333
186  3.9167  4.0833  3.6667  3.6667  3.9167  4.0000  3.8333  3.6667
187  3.7500  4.0833  3.8333  3.7500  3.7500  3.7500  3.9167  3.9167
188  4.1667  4.0833  3.8333  3.7500  4.1667  3.8333  3.5000  3.6667
189  3.9167  3.7500  3.5833  3.6667  3.9167  3.5000  3.5833  3.2500
190  3.7500  3.9167  3.7500  3.2500  3.7500  3.5833  3.9167  3.5833
191  3.6364  4.0000  3.9091  4.0909  3.6364  3.9091  4.1818  3.9091
192  3.7273  4.0909  3.7273  3.7273  3.7273  3.4545  3.7273  4.2727
193  4.0909  3.8182  3.5455  4.0909  4.0909  3.9091  3.3636  3.5455
194  3.9091  3.7273  4.0000  3.5455  3.9091  3.9091  4.0909  4.0000
195  3.9091  3.6364  3.6364  3.6364  3.9091  4.3636  3.8182  3.7273
196  3.6364  3.8182  3.7273  3.4545  3.6364  3.7273  3.9091  3.6364
197  4.0000  3.6364  4.0000  3.8182  4.0000  3.9091  3.7273  3.1818
198  3.6364  4.0000  3.5455  4.0000  3.6364  4.0909  3.6364  3.5455
199  4.1818  4.0000  3.8182  3.4545  4.1818  4.0000  3.6364  3.3636
200  4.0000  3.5455  3.7273  3.1818  4.0000  3.7273  3.6364  3.5455
201  3.8182  3.7273  3.1818  3.3636  3.8182  3.8182  3.4545  3.4545
202  3.8182  4.0909  3.4545  3.6364  3.8182  3.8182  3.8182  3.6364
203  3.5455  3.8182  3.5455  3.4545  3.5455  4.0000  3.4545  3.4545
204  3.3636  3.8182  3.6364  3.3636  3.3636  3.4545  3.7273  3.1818
205  3.4545  3.5455  3.4545  3.4545  3.4545  3.7273  3.4545  3.6364
206  3.8182  3.9091  3.0000  3.1818  3.8182  3.6364  3.5455  3.3636
207  3.9091  3.7273  3.2727  3.5455  3.9091  3.6364  3.3636  3.1818
208  3.4545  3.4545  3.2727  3.2727  3.4545  3.4545  3.2727  3.2727
209  3.5455  4.0909  3.0000  3.0909  3.5455  3.5455  2.9091  3.2727
210  3.4545  3.8182  3.3636  3.6364  3.4545  3.4545  3.3636  3.6364
211  3.5000  3.8000  3.2000  3.6000  3.5000  3.8000  3.7000  3.7000
212  3.4000  3.5000  3.4000  3.4000  3.4000  3.7000  3.6000  3.7000
213  4.0000  3.9000  3.7000  3.1000  4.0000  3.7000  3.7000  3.3000
214  3.6000  3.6000  3.1000  3.5000  3.6000  3.6000  3.9000  3.0000
215  3.5000  3.9000  3.5000  3.2000  3.5000  3.4000  3.2000  3.6000
216  3.8000  3.8000  3.7000  3.6000  3.8000  3.6000  3.4000  3.6000
217  3.7000  3.8000  3.4000  3.6000  3.7000  4.0000  3.3000  3.4000
218  3.3000  3.8000  3.2000  3.1000  3.3000  3.5000  3.4000  3.5000
219  3.5000  3.4000  3.3000  3.5000  3.5000  3.7000  3.0000  3.6000
220  3.3000  3.5000  3.2000  3.3000  3.3000  3.8000  3.5000  3.5000
221  3.6000  3.6000  3.4000  3.2000  3.6000  3.4000  3.3000  3.5000
222  3.4000  3.2000  3.0000  3.1000  3.4000  3.7000  3.2000  3.2000
223  3.3000  3.3000  3.1000  3.3000  3.3000  3.7000  3.0000  3.4000
224  3.3000  3.7000  3.2000  3.5000  3.3000  3.6000  3.1000  3.2000
225  3.8000  3.4000  3.3000  3.5000  3.8000  3.4000  3.5000  3.1000
226  3.8000  3.3000  3.4000  3.5000  3.8000  3.3000  3.0000  3.3000
227  3.3000  3.8000  3.1000  2.9000  3.3000  3.3000  3.5000  3.4000
228  3.3000  3.4000  2.9000  3.4000  3.3000  3.4000  3.5000  3.0000
229  3.1000  3.0000  3.1000  2.9000  3.1000  3.5000  3.1000  3.0000
230  3.4000  3.5000  3.2000  2.9000  3.4000  3.2000  3.3000  3.2000
231  3.2000  3.2000  3.3000  3.0000  3.2000  3.1000  3.2000  3.3000
232  3.3333  3.7778  3.5556  3.3333  3.3333  3.4444  3.6667  3.6667
233  3.5556  3.2222  3.1111  3.1111  3.5556  3.3333  3.1111  3.6667
234  3.7778  3.7778  3.1111  3.6667  3.7778  4.2222  3.5556  3.4444
235  3.4444  3.2222  3.0000  3.0000  3.4444  3.7778  2.8889  3.2222
236  3.4444  3.2222  3.2222  3.2222  3.4444  3.4444  2.8889  2.8889
237  3.5556  3.1111  3.0000  3.2222  3.5556  3.3333  2.8889  3.1111
238  3.1111  3.3333  3.1111  3.1111  3.1111  3.4444  3.6667  3.2222
239  3.7778  3.7778  3.1111  2.7778  3.7778  3.1111  3.2222  3.1111
240  3.2222  3.0000  3.3333  3.4444  3.2222  3.3333  2.7778  2.7778
241  3.5556  3.3333  2.8889  2.6667  3.5556  3.2222  2.8889  2.8889
242  3.6667  3.3333  3.2222  3.0000  3.6667  3.2222  3.1111  2.8889
243  3.2222  3.4444  3.3333  3.1111  3.2222  3.5556  3.2222  3.0000
244  3.3333  3.0000  3.0000  3.0000  3.3333  2.8889  3.1111  3.1111
245  3.4444  3.0000  3.1111  2.8889  3.4444  3.2222  3.2222  3.2222
246  3.1111  3.2222  3.0000  2.7778  3.1111  3.2222  3.3333  2.8889
247  2.7778  3.2222  2.7778  3.0000  2.7778  3.1111  2.8889  3.0000
248  3.0000  3.3333  2.7778  3.1111  3.0000  3.1111  2.8889  2.8889
249  2.8889  2.7778  3.0000  3.1111  2.8889  3.2222  3.2222  3.1111
250  2.8889  3.2222  3.1111  3.0000  2.8889  3.1111  2.7778  3.1111
251  3.0000  3.2222  2.8889  2.7778  3.0000  2.6667  3.0000  3.0000
252  3.0000  3.2222  2.5556  2.5556  3.0000  3.2222  2.8889  2.8889
253  2.8889  3.2222  2.7778  3.2222  2.8889  3.2222  2.8889  2.8889
254  3.3750  3.1250  3.1250  2.8750  3.3750  2.8750  2.8750  3.1250
255  3.2500  2.8750  2.8750  3.2500  3.2500  3.2500  3.3750  3.2500
256  3.5000  4.0000  3.0000  3.0000  3.5000  3.1250  2.7500  3.1250
257  3.3750  3.3750  2.8750  3.0000  3.3750  3.7500  3.3750  3.5000
258  3.7500  3.3750  2.8750  3.3750  3.7500  3.1250  3.1250  2.7500
259  3.1250  3.2500  2.8750  3.1250  3.1250  3.3750  3.0000  3.0000
260  3.0000  3.2500  3.1250  3.1250  3.0000  2.7500  3.5000  3.5000
261  3.0000  2.5000  3.0000  3.0000  3.0000  2.8750  2.8750  2.7500
262  3.3750  3.1250  3.1250  2.8750  3.3750  3.0000  2.6250  2.7500
263  3.0000  3.2500  3.0000  3.0000  3.0000  3.3750  2.6250  3.1250
264  3.5000  3.1250  3.0000  3.0000  3.5000  3.2500  2.7500  2.7500
265  2.7500  2.7500  2.6250  2.8750  2.7500  3.0000  3.0000  3.1250
266  3.1250  3.3750  3.0000  2.7500  3.1250  3.3750  2.6250  2.7500
267  3.1250  2.6250  2.8750  2.6250  3.1250  2.7500  2.6250  2.3750
268  3.3750  3.0000  2.8750  2.7500  3.3750  3.3750  2.6250  2.8750
269  2.8750  2.8750  2.8750  2.6250  2.8750  3.1250  2.3750  2.3750
270  2.8750  3.0000  2.7500  2.6250  2.8750  3.1250  2.7500  2.7500
271  2.8750  2.7500  2.8750  2.6250  2.8750  3.0000  2.8750  2.3750
272  3.3750  3.0000  2.7500  2.7500  3.3750  2.3750  2.6250  2.7500
273  2.6250  2.8750  2.7500  2.6250  2.6250  2.7500  2.7500  2.3750
274  2.8750  3.1250  2.5000  2.7500  2.8750  3.1250  2.7500  2.7500
275  2.7500  3.0000  2.7500  2.6250  2.7500  2.6250  2.7500  3.0000
276  2.5000  3.0000  2.6250  2.6250  2.5000  2.5000  2.3750  2.5000
277  3.2857  3.0000  2.5714  2.7143  3.2857  3.1429  3.0000  2.8571
278  3.0000  2.4286  2.4286  2.4286  3.0000  3.0000  2.2857  2.8571
279  3.1429  2.8571  2.8571  2.8571  3.1429  3.0000  2.8571  2.8571
280  2.8571  2.7143  2.8571  3.0000  2.8571  3.1429  3.2857  3.1429
281  3.0000  3.0000  3.0000  3.1429  3.0000  2.7143  3.0000  2.8571
282  3.0000  3.2857  2.4286  2.5714  3.0000  2.4286  2.4286  2.8571
283  2.8571  3.0000  3.1429  3.1429  2.8571  3.0000  2.5714  2.5714
284  3.0000  2.7143  2.5714  2.4286  3.0000  2.5714  2.5714  2.8571
285  3.1429  3.0000  2.2857  2.7143  3.1429  3.0000  2.5714  2.8571
286  3.1429  2.7143  2.4286  2.2857  3.1429  3.0000  2.4286  2.5714
287  2.8571  2.8571  2.5714  2.5714  2.8571  3.4286  2.7143  2.7143
288  2.7143  2.8571  2.7143  2.7143  2.7143  3.0000  2.7143  2.2857
289  2.8571  3.0000  2.1429  2.7143  2.8571  2.5714  2.5714  2.4286
290  2.8571  2.5714  2.7143  2.4286  2.8571  2.7143  2.5714  2.5714
291  3.2857  3.0000  2.4286  2.4286  3.2857  3.1429  2.7143  2.2857
292  2.8571  2.5714  2.2857  2.7143  2.8571  3.1429  2.5714  2.5714
293  2.5714  3.0000  2.7143  2.2857  2.5714  2.4286  2.4286  2.8571
294  2.5714  2.8571  2.5714  2.5714  2.5714  2.7143  2.4286  2.4286
295  2.7143  2.5714  2.8571  2.0000  2.7143  2.5714  2.4286  2.4286
296  2.7143  2.5714  2.4286  2.5714  2.7143  2.5714  2.2857  2.7143
297  2.4286  2.7143  2.4286  2.5714  2.4286  2.7143  2.2857  2.5714
298  2.2857  2.7143  2.4286  2.4286  2.2857  2.8571  2.1429  2.7143
299  2.4286  2.8571  2.4286  2.8571  2.4286  2.4286  2.4286  2.5714
300  2.1429  2.5714  2.4286  2.2857  2.1429  2.4286  2.4286  2.5714
301  3.0000  2.8333  2.6667  2.8333  3.0000  2.8333  2.8333  2.8333
302  3.3333  3.0000  2.8333  3.0000  3.3333  3.0000  2.5000  2.8333
303  2.6667  3.1667  2.5000  2.5000  2.6667  3.1667  2.5000  2.8333
304  2.5000  3.1667  2.3333  2.8333  2.5000  2.5000  2.6667  2.3333
305  2.8333  3.0000  2.6667  2.6667  2.8333  2.5000  2.8333  2.5000
306  3.1667  2.5000  2.3333  2.3333  3.1667  2.1667  2.8333  2.6667
307  2.3333  2.8333  2.6667  2.5000  2.3333  2.8333  2.8333  2.5000
308  2.8333  3.0000  2.8333  2.6667  2.8333  2.6667  2.5000  2.5000
309  3.1667  2.6667  2.5000  2.5000  3.1667  2.6667  2.8333  2.6667
310  3.0000  3.0000  2.5000  2.5000  3.0000  2.6667  2.5000  2.6667
311  2.5000  3.5000  2.6667  2.3333  2.5000  2.6667  2.8333  2.6667
312  2.5000  2.6667  2.8333  2.0000  2.5000  2.6667  2.3333  2.6667
313  2.5000  3.0000  2.1667  2.3333  2.5000  2.6667  2.5000  2.5000
314  2.5000  2.8333  2.5000  2.3333  2.5000  2.6667  2.5000  2.3333
315  2.8333  2.3333  2.1667  2.3333  2.8333  2.6667  2.3333  2.3333
316  2.3333  2.8333  2.1667  2.5000  2.3333  2.6667  2.5000  2.5000
317  2.6667  2.8333  2.0000  1.8333  2.6667  2.5000  2.1667  2.6667
318  2.6667  2.6667  2.1667  2.1667  2.6667  3.0000  2.1667  2.1667
319  2.3333  2.5000  2.1667  2.5000  2.3333  2.3333  2.5000  2.1667
320  2.5000  2.8333  2.1667  2.0000  2.5000  2.5000  2.0000  2.0000
321  2.5000  2.5000  2.0000  2.5000  2.5000  2.0000  2.3333  2.1667
322  3.0000  2.6667  2.1667  2.0000  3.0000  2.6667  2.6667  2.0000
323  2.3333  2.6667  2.6667  2.5000  2.3333  2.6667  2.5000  2.5000
324  2.5000  2.3333  2.1667  2.0000  2.5000  2.5000  2.3333  2.0000
325  2.5000  2.3333  2.6667  2.0000  2.5000  2.0000  2.0000  2.1667
326  2.4000  2.4000  2.4000  2.2000  2.4000  2.6000  2.6000  2.4000
327  2.4000  2.8000  2.6000  2.6000  2.4000  3.2000  2.4000  3.0000
328  3.4000  2.4000  2.8000  2.2000  3.4000  2.8000  2.4000  2.4000
329  2.2000  2.4000  3.0000  2.8000  2.2000  2.4000  2.2000  2.2000
330  2.2000  2.6000  2.2000  2.6000  2.2000  2.6000  2.4000  2.2000
331  2.6000  2.6000  2.8000  2.4000  2.6000  2.8000  2.2000  2.6000
332  3.2000  2.6000  2.6000  2.8000  3.2000  2.8000  2.6000  2.6000
333  2.6000  2.6000  2.8000  2.2000  2.6000  2.8000  2.4000  2.4000
334  2.6000  2.6000  2.6000  2.2000  2.6000  3.0000  2.4000  2.0000
335  2.6000  3.0000  2.4000  2.2000  2.6000  2.6000  2.4000  2.4000
336  3.0000  2.2000  2.6000  2.4000  3.0000  2.6000  2.0000  2.4000
337  2.6000  2.2000  2.4000  2.2000  2.6000  2.6000  2.2000  2.2000
338  2.2000  2.6000  2.2000  1.8000  2.2000  2.2000  2.2000  2.2000
339  2.8000  2.4000  1.8000  2.4000  2.8000  2.4000  2.2000  2.0000
340  2.6000  2.0000  1.8000  2.4000  2.6000  2.4000  2.2000  2.2000
341  2.0000  2.2000  2.2000  2.0000  2.0000  2.4000  2.0000  1.8000
342  2.0000  2.6000  2.4000  1.6000  2.0000  2.2000  2.4000  2.4000
343  2.6000  2.0000  2.4000  2.0000  2.6000  2.2000  1.8000  2.0000
344  2.6000  2.4000  1.8000  2.0000  2.6000  2.2000  2.0000  2.0000
345  2.2000  2.4000  2.6000  2.0000  2.2000  2.0000  1.8000  2.6000
346  2.2000  2.0000  2.2000  2.2000  2.2000  2.2000  1.8000  1.8000
347  2.4000  1.8000  2.0000  2.0000  2.4000  2.2000  2.2000  1.8000
348  2.2000  2.2000  2.2000  1.8000  2.2000  2.0000  2.0000  2.0000
349  2.0000  2.6000  1.8000  2.4000  2.0000  2.2000  1.8000  1.8000
350  1.8000  2.2000  2.4000  2.4000  1.8000  2.0000  2.2000  2.0000
351  2.2000  2.4000  2.2000  1.8000  2.2000  2.4000  2.0000  2.2000
352  2.0000  2.5000  2.2500  2.0000  2.0000  2.5000  2.5000  2.2500
353  2.0000  2.5000  2.0000  2.0000  2.0000  2.5000  1.7500  1.7500
354  2.5000  2.2500  2.2500  2.2500  2.5000  2.5000  2.0000  2.2500
355  1.7500  2.5000  2.0000  2.2500  1.7500  2.2500  2.2500  2.2500
356  2.2500  2.7500  1.5000  2.2500  2.2500  2.5000  2.2500  2.5000
357  2.2500  2.2500  2.5000  2.2500  2.2500  2.0000  1.7500  2.0000
358  2.5000  2.5000  2.5000  2.2500  2.5000  2.5000  2.2500  1.7500
359  3.0000  2.5000  2.5000  2.0000  3.0000  2.2500  2.5000  2.2500
360  2.5000  2.0000  2.2500  2.0000  2.5000  2.5000  2.5000  2.5000
361  2.5000  2.0000  2.0000  2.2500  2.5000  2.5000  2.0000  2.0000
362  2.2500  2.2500  1.7500  2.0000  2.2500  2.2500  2.0000  2.2500
363  2.0000  2.0000  2.0000  2.0000  2.0000  2.5000  2.5000  2.0000
364  1.7500  2.2500  2.0000  2.5000  1.7500  2.2500  1.7500  2.2500
365  2.0000  2.0000  2.2500  2.2500  2.0000  3.0000  1.7500  2.0000
366  2.2500  2.0000  2.5000  2.0000  2.2500  2.7500  2.0000  2.0000
367  1.7500  1.5000  2.0000  2.0000  1.7500  1.7500  2.0000  2.2500
368  2.5000  2.0000  1.7500  2.2500  2.5000  2.2500  1.7500  2.0000
369  2.2500  2.2500  1.7500  2.2500  2.2500  2.2500  1.7500  1.7500
370  2.2500  2.2500  1.7500  1.7500  2.2500  2.5000  1.7500  2.0000
371  2.2500  2.7500  1.7500  1.5000  2.2500  2.7500  1.5000  2.0000
372  1.7500  2.0000  1.7500  2.0000  1.7500  2.5000  2.5000  2.0000
373  1.7500  2.5000  2.0000  1.7500  1.7500  2.2500  2.0000  1.7500
374  2.5000  2.0000  1.7500  1.7500  2.5000  2.2500  1.5000  2.0000
375  2.0000  1.7500  1.7500  1.7500  2.0000  1.7500  1.7500  1.7500
376  2.7500  2.0000  2.0000  1.7500  2.7500  1.7500  1.7500  2.2500
377  2.0000  2.2500  1.7500  2.0000  2.0000  2.0000  1.7500  2.0000
378  2.2500  2.2500  2.0000  2.0000  2.2500  2.2500  2.0000  2.0000
379  2.0000  2.0000  2.3333  2.3333  2.0000  2.6667  2.0000  2.0000
380  2.0000  2.0000  2.0000  2.3333  2.0000  2.0000  1.6667  1.6667
381  2.0000  2.3333  1.6667  2.3333  2.0000  2.6667  2.3333  2.0000
382  3.0000  1.6667  2.0000  2.0000  3.0000  2.3333  1.6667  1.6667
383  2.3333  2.3333  2.0000  2.0000  2.3333  2.3333  2.0000  2.0000
384  2.0000  2.3333  2.0000  2.3333  2.0000  2.0000  2.0000  2.0000
385  2.3333  2.0000  1.6667  1.6667  2.3333  1.6667  2.0000  2.0000
386  2.0000  2.3333  2.3333  2.3333  2.0000  2.3333  2.0000  1.6667
387  2.0000  2.3333  1.6667  2.0000  2.0000  1.6667  2.0000  1.6667
388  2.0000  2.0000  2.0000  2.0000  2.0000  2.6667  2.0000  2.6667
389  2.6667  1.6667  2.0000  1.6667  2.6667  2.3333  2.0000  1.6667
390  2.3333  2.3333  1.6667  2.3333  2.3333  2.0000  1.6667  1.6667
391  1.6667  2.3333  2.0000  2.0000  1.6667  1.6667  2.0000  2.0000
392  2.3333  1.6667  2.0000  1.6667  2.3333  1.6667  2.0000  1.6667
393  1.6667  2.0000  1.6667  1.6667  1.6667  2.0000  1.6667  2.0000
394  2.0000  2.6667  1.6667  1.6667  2.0000  2.0000  2.0000  1.6667
395  2.0000  2.3333  2.0000  1.6667  2.0000  2.3333  2.0000  2.0000
396  1.6667  2.3333  1.3333  1.6667  1.6667  2.3333  1.3333  1.6667
397  2.0000  2.0000  1.6667  1.6667  2.0000  2.3333  1.6667  2.0000
398  2.0000  1.6667  2.0000  1.6667  2.0000  2.3333  1.6667  1.6667
399  2.0000  1.6667  1.6667  1.6667  2.0000  1.6667  1.6667  1.6667
400  2.0000  2.0000  1.6667  1.6667  2.0000  1.6667  1.3333  1.6667
401  1.3333  2.0000  2.0000  1.3333  1.3333  1.6667  1.3333  1.3333
402  2.0000  2.0000  1.6667  1.6667  2.0000  1.6667  1.6667  1.6667
403  2.0000  2.0000  1.6667  1.6667  2.0000  1.6667  1.6667  1.6667
404  2.3333  2.3333  1.6667  1.6667  2.3333  1.6667  1.3333  1.6667
405  2.0000  2.0000  2.0000  1.6667  2.0000  2.0000  1.6667  2.0000
406  2.0000  1.3333  1.6667  1.6667  2.0000  2.0000  1.6667  1.3333
407  2.0000  3.0000  2.0000  1.5000  2.0000  2.5000  2.0000  1.5000
408  2.5000  2.0000  2.0000  1.5000  2.5000  2.5000  2.0000  2.0000
409  2.5000  2.0000  1.5000  2.0000  2.5000  2.0000  2.0000  2.0000
410  1.5000  2.5000  1.5000  2.0000  1.5000  2.0000  2.0000  1.0000
411  2.0000  2.0000  1.5000  2.0000  2.0000  1.5000  1.5000  2.0000
412  2.5000  2.0000  1.5000  1.5000  2.5000  2.5000  1.5000  1.5000
413  2.0000  2.5000  1.5000  1.5000  2.0000  2.0000  2.0000  1.5000
414  2.0000  2.0000  2.5000  1.5000  2.0000  2.5000  2.0000  1.5000
415  2.0000  2.0000  2.0000  2.0000  2.0000  2.0000  2.0000  1.5000
416  2.0000  2.5000  1.5000  1.5000  2.0000  2.5000  1.5000  2.0000
417  2.0000  1.5000  1.5000  1.5000  2.0000  1.5000  2.0000  1.5000
418  2.0000  2.0000  2.0000  1.5000  2.0000  2.0000  1.5000  1.0000
419  2.0000  2.0000  1.5000  1.5000  2.0000  2.0000  1.5000  1.5000
420  2.0000  1.5000  2.0000  1.5000  2.0000  2.5000  1.5000  1.5000
421  2.0000  2.0000  1.5000  1.5000  2.0000  2.0000  2.0000  1.5000
422  1.5000  2.0000  1.5000  1.5000  1.5000  1.5000  1.5000  1.5000
423  2.0000  2.0000  1.0000  1.5000  2.0000  1.5000  1.5000  1.5000
424  2.0000  1.5000  1.5000  1.5000  2.0000  2.0000  1.5000  1.5000
425  1.5000  2.0000  1.5000  2.0000  1.5000  2.0000  1.5000  1.5000
426  2.0000  1.5000  1.0000  1.0000  2.0000  2.0000  1.5000  1.5000
427  1.5000  2.0000  1.5000  1.5000  1.5000  1.5000  2.0000  1.5000
428  2.0000  2.5000  1.5000  1.5000  2.0000  2.0000  1.5000  1.5000
429  1.5000  1.5000  1.0000  1.5000  1.5000  2.0000  1.5000  1.5000
430  2.0000  2.0000  1.5000  1.5000  2.0000  1.5000  1.5000  1.5000
431  1.5000  2.0000  1.0000  1.5000  1.5000  1.5000  1.0000  1.5000
432  2.0000  2.0000  1.5000  1.0000  2.0000  1.5000  1.5000  1.0000
433  1.5000  1.5000  1.5000  1.5000  1.5000  1.5000  1.5000  1.0000
434  1.0000  1.5000  1.5000  1.5000  1.0000  1.0000  1.5000  1.0000
435  1.5000  1.5000  1.0000  1.5000  1.5000  1.5000  1.5000  1.5000
436  2.0000  1.0000  2.0000  2.0000  2.0000  2.0000  1.0000  2.0000
437  2.0000  2.0000  2.0000  2.0000  2.0000  2.0000  2.0000  2.0000
438  2.0000  2.0000  2.0000  2.0000  2.0000  2.0000  1.0000  1.0000
439  2.0000  2.0000  1.0000  1.0000  2.0000  2.0000  2.0000  2.0000
440  2.0000  2.0000  1.0000  2.0000  2.0000  1.0000  1.0000  2.0000
441  1.0000  2.0000  2.0000  1.0000  1.0000  1.0000  2.0000  2.0000
442  2.0000  2.0000  1.0000  1.0000  2.0000  2.0000  2.0000  2.0000
443  2.0000  2.0000  2.0000  2.0000  2.0000  2.0000  2.0000  1.0000
444  1.0000  1.0000  2.0000  2.0000  1.0000  2.0000  2.0000  1.0000
445  2.0000  1.0000  2.0000  2.0000  2.0000  1.0000  1.0000  1.0000
446  1.0000  1.0000  1.0000  1.0000  1.0000  2.0000  1.0000  1.0000
447  2.0000  2.0000  1.0000  1.0000  2.0000  1.0000  1.0000  1.0000
448  2.0000  2.0000  1.0000  1.0000  2.0000  2.0000  2.0000  1.0000
449  2.0000  2.0000  1.0000  2.0000  2.0000  2.0000  1.0000  1.0000
450  2.0000  1.0000  1.0000  1.0000  2.0000  2.0000  1.0000  1.0000
451  1.0000  3.0000  1.0000  1.0000  1.0000  1.0000  1.0000  1.0000
452  2.0000  2.0000  1.0000  1.0000  2.0000  1.0000  1.0000  1.0000
453  2.0000  2.0000  1.0000  1.0000  2.0000  2.0000  1.0000  1.0000
454  1.0000  2.0000  1.0000  1.0000  1.0000  1.0000  1.0000  1.0000
455  1.0000  2.0000  1.0000  1.0000  1.0000  1.0000  1.0000  1.0000
456  2.0000  1.0000  1.0000  1.0000  2.0000  1.0000  1.0000  1.0000
457  2.0000  1.0000  1.0000  1.0000  2.0000  1.0000  1.0000  1.0000
458  1.0000  1.0000  1.0000  1.0000  1.0000  2.0000  1.0000  1.0000
459  2.0000  2.0000  1.0000  1.0000  2.0000  1.0000  1.0000  1.0000
460  1.0000  1.0000  1.0000  1.0000  1.0000  1.0000  1.0000  1.0000
461  1.0000  1.0000  1.0000  1.0000  1.0000  1.0000  1.0000  1.0000
462  1.0000  1.0000  1.0000  1.0000  1.0000  1.0000  1.0000  1.0000
463  1.0000  1.0000  1.0000  1.0000  1.0000  1.0000  1.0000  1.0000
464  1.0000  1.0000  1.0000  1.0000  1.0000  1.0000  1.0000  1.0000
465  1.0000  1.0000  1.0000  1.0000  1.0000  1.0000  1.0000  1.0000
