m t_v111 t_v112 t_v121 t_v122 t_v211 t_v212 t_v221 t_v222
0  207979  202240  192977  194936  139387  139094  134815  134299
1  215183  214323  213931  214258  146641  145466  141283  140430
2  220915  220078  217251  214643  150539  149036  148278  147761
3  227167  223795  224588  224016  155002  154952  154388  156417
4  242123  243478  246042  245637  163765  167355  170215  168507
5  242724  242699  253831  253931  165311  164320  172487  178073
6  255908  251657  263870  267243  172374  175757  181113  184086
7  268520  272793  277218  285108  190056  193631  200916  199758
8  259831  264108  280191  292902  186172  187087  196204  200741
9  315822  325107  333559  353852  215112  222129  222739  234293
10  278371  294400  303450  330677  188444  198266  205058  217632
11  312692  325129  331446  344146  207282  213805  219090  237057
12  329240  320468  326394  334547  209100  219121  227695  239659
13  332472  352243  358585  380599  216050  235252  234122  246691
14  343529  357749  354403  368786  230386  238653  234845  248115
15  362764  381588  368292  380913  229364  245115  237031  248715
16  386505  400316  387643  416917  246129  269412  265109  271674
17  383324  407007  400233  427265  255031  267554  260605  270867
18  385004  405365  389646  411788  252871  263560  262316  272165
19  383746  421106  397962  424542  248382  275093  261389  280758
20  402745  419263  410710  437938  261309  278009  275521  287190
21  399634  415173  399514  423700  259750  273018  262549  268819
22  449788  466044  444058  462425  278789  291430  279760  298762
23  486884  500058  473230  525346  305538  319345  310044  322722
24  425127  468803  454899  476579  282237  302019  292735  308101
25  434362  446732  427585  448907  271066  278870  271210  282523
26  436983  469917  450270  482451  295764  310812  293820  311027
27  497227  536194  510357  544898  311869  328180  318793  340170
28  449777  451541  437308  451642  274559  286530  281809  292501
29  510772  539301  522181  536566  330528  345172  334405  354458
30  529391  542088  521223  537686  321830  337426  332573  349705
31  537584  556947  527198  560697  329260  340618  336558  348971
32  543749  586714  540053  591301  349753  366417  345196  366079
33  517137  544536  530689  545893  338025  348734  333733  356844
34  540734  573903  531734  552019  330682  351372  337460  353309
35  516143  530536  505919  519726  327261  337588  315910  340626
36  551209  565251  531352  560134  331194  350630  334848  359420
37  663730  682029  622427  677521  399394  416859  389202  413393
38  577257  598239  550715  586686  348937  371799  352526  371209
39  580113  607617  570560  620410  354251  376564  357658  378395
40  619825  678024  636738  663670  396124  408062  385969  410770
41  584970  620335  564982  596794  351350  383841  366764  377413
42  607464  624846  600312  637301  385491  390436  373849  386338
43  581823  620833  578179  599059  354166  375137  348873  379290
44  603584  617137  568436  615470  356259  375732  356554  386516
45  576041  618845  570926  595591  358297  370973  356848  376713
46  667933  715360  667142  701408  404955  439439  410337  428786
47  640928  668040  626605  674689  391438  408686  385404  398823
48  643282  687327  633004  701409  391765  411257  386333  407780
49  657291  699134  659818  697531  422760  432133  406444  431265
50  683824  722490  668806  700548  406909  430375  393142  414772
51  740121  754287  704204  757212  437152  457284  432789  452732
52  652073  684393  630188  674068  403527  414445  400213  416994
53  682508  701802  668610  684533  403131  422941  401943  414739
54  683236  691947  639773  688831  411607  427281  405472  425521
55  651252  667081  626514  672014  389861  406113  381213  402255
56  729637  746096  696172  728871  442812  441389  428697  442350
57  781602  804570  760521  793320  458860  479396  465059  474578
58  716024  745243  684711  742959  418023  443556  425756  445849
59  742444  782695  731423  776299  445280  457638  425550  441490
60  731324  780430  718088  756176  438717  448700  413142  431217
61  737295  745933  723604  748887  444872  455106  432516  442851
62  816529  858885  792476  842046  481736  494776  476664  498913
63  722684  745823  723246  762767  425022  442855  417984  446740
64  707999  752818  683703  721323  415073  443117  413943  430657
65  801249  834471  782876  801434  461542  478903  449630  487327
66  716668  744850  706694  765580  440037  459959  425335  451403
67  837642  856757  792475  864867  487162  492247  476345  498431
68  793105  856928  821201  877118  495188  519395  453058  488609
69  853846  901689  823644  890839  504043  516941  468750  498479
70  888266  885197  827169  847766  489743  518317  490207  497956
71  827222  858140  804519  860913  489576  519479  463853  494863
72  807979  831547  774827  817104  468639  493989  464981  486323
73  818629  867994  803283  847542  484359  507422  459687  496995
74  766664  796839  753949  778770  449204  475348  436512  459982
75  822100  834126  772326  790676  456145  480878  468455  484522
76  832440  902935  815965  831899  472719  495277  465944  477537
77  820579  850415  791521  836204  484816  510974  471928  482632
78  823604  856004  786218  811609  468255  484243  445768  477432
79  881111  928522  842223  886686  529538  540987  500830  528210
80  898934  944004  912528  959968  525928  548594  520676  520871
81  856667  915718  854580  914879  497155  525696  490845  520785
82  936582  965771  922398  941521  534274  552360  510860  524228
83  980550  994803  907842  991267  581751  564940  542264  575766
84  898025  941470  846261  883391  489419  518170  494721  508717
85  864493  938155  877049  911089  498730  524174  490134  511070
86  882220  912362  881662  919199  518908  544850  504246  521553
87  881566  905328  852613  864519  493020  515222  488773  504392
88  886262  916834  878015  924764  516927  525052  484684  511154
89  878943  927110  902375  923771  506918  529088  495156  502592
90  877619  926728  860287  874639  500914  522715  491662  516029
91  879974  898335  889722  937015  514907  526080  486948  510496
92 1059125 1067001  974095 1047997  608601  614015  581631  589868
93 1000741 1001797  955943  994497  571674  567091  544135  545789
94  895765  956326  921087  958683  541662  531956  499674  516366
95 1037861 1082285 1025123 1014678  562080  564132  549292  554003
96 1028056 1033877 1001119 1044044  603688  600259  552603  557854
97  925290  970037  910563  962775  532559  536463  506522  523942
98  972384 1081894  982094 1031642  563964  581975  525118  556390
99 1058687 1059209  979746 1008469  561862  563596  523926  568732
100 1036217 1112068 1036470 1066461  575654  587203  548400  566314
101 1082567 1080563 1060178 1095270  607047  617810  588183  607088
102 1002685 1054248  974777  989954  546265  567414  534992  557873
103 1014478 1035467  970557  974198  546232  567351  543346  564627
104  993461 1019058  922230  969480  549850  581171  544941  546185
105  947557  965171  918741  956348  539546  552598  527615  537184
106 1190211 1160387 1098197 1098264  642108  627296  647257  644239
107 1083246 1130553 1051426 1114182  618495  620435  597249  625747
108 1104411 1155652 1078829 1068364  572431  585016  539682  593344
109 1174117 1224482 1150195 1159735  645806  629885  605487  609893
110 1209331 1219468 1104426 1088678  599339  650664  632079  645261
111 1042432 1086865 1038566 1070614  615937  643765  576461  608088
112 1153303 1153216 1076901 1112227  621941  621024  612552  614296
113 1178839 1153337 1075188 1109158  625781  656571  597000  640553
114 1117089 1166448 1145870 1183598  646517  632509  603270  608632
115 1041430 1033523 1003167  995825  559890  564263  529954  536243
116 1132807 1129256 1024459 1070060  581188  583993  559836  586310
117 1029758 1051179  979679  987648  553281  550397  523616  533589
118 1053921 1026114 1006493 1029489  552249  567511  537733  541866
119 1034866 1088422  990053 1028678  565402  589618  535377  577066
120 1003632  976713  941567  952795  519801  545843  517139  518596
121 1258448 1328852 1280340 1291914  696022  726802  685096  695852
122 1204907 1152997 1167526 1105862  614756  591362  588580  581519
123 1275110 1267597 1282241 1252132  682908  701070  677862  663885
124 1269810 1284918 1218393 1205098  662766  656005  661366  671286
125 1156897 1157105 1071905 1107875  629447  621190  596721  602682
126 1145870 1141332 1156197 1167348  645419  637279  605147  610935
127 1138028 1148512 1165960 1147828  655514  627923  598873  594708
128 1152818 1099133 1058959 1073732  598386  574546  579291  559275
129 1162762 1187697 1099152 1134741  649026  637847  597560  575381
130 1242654 1227906 1167812 1162443  665907  686809  600780  633998
131 1251980 1256235 1177147 1165747  665789  644023  626383  616103
132 1181224 1226130 1165722 1127444  635482  622728  596851  607555
133 1092098 1041868  983514  997802  579295  549108  535889  526875
134 1188234 1240165 1185988 1189336  629389  599294  606596  615188
135 1128837 1073742 1034899 1081955  621195  633041  588984  603030
136 1024025 1035474  948710  951226  547331  553385  535398  537774
137 1348304 1390403 1349911 1360779  728925  699294  704867  700992
138 1216487 1129188 1150403 1151342  641084  633359  615505  603525
139 1145657 1150619 1112460 1032314  577485  571025  537354  565061
140 1150024 1094904 1098834 1084242  604443  583002  559126  554229
141 1191421 1189437 1267368 1207872  671821  675949  633210  622013
142 1064250 1060260 1033277 1037498  582905  558464  549500  515985
143 1130348 1092940 1081924 1065304  608386  587791  553144  554565
144 1117849 1129046 1075945 1050324  601797  567480  544222  525705
145 1080753 1084812 1006096  994923  546368  544469  538819  527235
146 1121067 1130795 1095995 1063884  575285  598120  560145  543113
147  981558 1012797  996661 1006275  535220  546643  512051  496064
148 1173517 1206500 1140874 1144347  638601  620574  594415  568975
149 1120808 1084107 1042301 1009040  557111  576880  562213  570961
150 1109922 1087296 1045434 1037424  561575  560221  528177  544289
151 1000967  984857  968068 1020448  563099  558444  506848  507029
152  977481  961263  918966  924801  512639  519069  507533  504873
153  953931  944406  915806  970901  508850  504763  489778  487483
154 1150775 1148146 1086873 1075125  593484  568962  572857  558512
155 1115614 1070934 1018529  992033  563612  554293  520134  528661
156 1090453 1082402 1061245 1050752  558703  557000  554577  536232
157 1131671 1114367 1062419 1017813  568040  566798  538786  547713
158 1027277 1020963  963278  987712  533505  516436  489798  489696
159 1084214 1052286  983737 1014934  561490  561700  543231  526883
160 1313262 1358473 1251899 1194260  627502  625577  580360  583061
161 1015176 1043258 1006979  979248  534269  527811  496458  505010
162 1111766 1120571 1034264 1058763  571703  577194  528896  521171
163 1015397 1012452  945084  978152  530377  531149  480615  489911
164 1018044 1007306 1007933  989586  549627  545508  502938  512143
165  964929  973413  888032  926055  500213  499106  485218  466861
166  981124  982447  909294  925547  488655  493630  455614  471193
167  857766  865550  787336  810674  435890  442115  402528  416888
168  948943  975250  905617  912676  489343  485354  447621  462368
169  883048  882896  810733  830537  442490  477413  433168  438818
170  804606  799185  759152  763611  421921  410127  394273  386582
171  861055  869622  831985  808102  409823  419954  402724  411844
172 1172039 1168017 1111178 1127591  565389  592852  568824  580792
173 1249435 1270496 1154877 1160651  596877  566532  581066  554172
174 1305388 1240066 1282897 1294427  677930  612944  567512  645012
175  872422  880627  776664  773345  437669  451384  409306  402321
176  945965  943956  859516  845071  469681  478796  434091  440502
177 1011178 1013140  879870  853717  445158  467997  445558  443685
178  954150  960292  874506  895482  468800  476710  435948  420184
179 1002693 1022534  874031  851715  455624  505644  416448  455466
180  871228  864609  733510  736611  422025  459713  365707  379122
181  774748  773655  693612  682286  398239  396224  340810  360944
182  761136  754217  660752  665435  376294  384589  329868  323568
183  741322  757117  626913  625467  376733  379901  314214  336986
184  740720  746233  602850  606202  351364  385495  305112  317280
185  670105  697321  577860  590426  351733  343784  292094  296881
186  732946  744682  658925  713796  390133  378363  331475  336118
187  651980  660686  576781  588470  321249  327286  290192  297069
188  625857  634121  590129  590022  310955  314597  290204  296760
189  598758  611372  573360  586174  301669  302935  288470  295603
190  572413  584026  569733  585892  286391  294411  286677  293047
