n+m t_v111 t_v112 t_v121 t_v122 t_v211 t_v212 t_v221 t_v222
10  107624  102735  101378  107493  114037  107047  106423  101310
11  142907  141920  131006  127753  122996  120631  117088  119947
12  106266  104030  103371  102328   95826   95224   92236   91330
13  120530  119559  117142  119332  105204  104201  104229  103190
14  162283  160494  165664  163149  137805  135233  137576  134343
15  191687  191049  187964  189214  148503  149855  149002  147779
16  209832  207990  204030  206324  150313  152682  153388  159666
17  226003  229013  230019  235392  164336  169786  167740  167855
18  251112  252013  249428  248688  174526  175478  177217  177974
19  286081  285483  285938  287230  187651  190332  196736  195014
20  301364  301912  301008  301121  193824  195791  192709  197664
21  308803  315034  321120  323680  201659  210409  210875  213618
22  339675  339009  339491  341038  213721  219804  220429  222554
23  343373  351100  354393  360919  221043  225816  227770  233465
24  348145  358364  370483  370445  221370  227497  232875  239919
25  354577  363337  369662  381989  226982  235845  232976  243547
26  356896  366058  378309  392684  226388  235711  242445  253511
27  378141  391566  404128  418093  236305  249914  254366  268609
28  429168  440209  454932  466535  268694  281665  287083  294154
29  394341  407739  420520  432814  256943  265071  267696  275435
30  411606  431645  442820  459793  254926  268539  273926  290884
31  442980  453218  453068  475825  273668  283073  288044  303578
32  433629  455910  464318  479038  266941  280403  285155  302671
33  428206  451614  451144  472203  268758  282866  280726  293283
34  460646  475817  473548  505100  287896  305327  303655  317731
35  463117  485753  472159  501336  283780  307459  299228  328406
36  486057  511474  503831  529123  307868  324351  314649  331759
37  492377  518356  502024  532609  308102  326776  308767  329586
38  480825  512909  499156  522835  300621  317744  315612  330712
39  490903  516439  497878  531063  308380  326864  316747  334494
40  482961  511665  492115  529729  301242  320905  309098  325336
41  512738  556872  526154  567913  315328  342938  325890  354090
42  517629  545428  520753  549344  318385  334851  323722  342504
43  512135  526859  510628  531542  318734  329527  319896  332814
44  521412  549496  512095  552781  326529  342416  335527  351617
45  556411  595028  549647  587874  344108  370892  349506  376037
46  537839  564859  536081  560221  333557  349176  336876  349857
47  538060  570700  530367  563274  330161  348600  332665  356229
48  571231  594124  574583  609379  351836  371017  353395  376463
49  565718  584222  559433  582980  346141  357416  346797  368492
50  545742  566196  540491  572135  347278  357210  341687  352671
51  557010  582029  549643  593909  344357  362803  349724  363584
52  551381  573566  554161  576526  342971  356051  336885  359757
53  591096  606636  564231  593046  355521  372885  351218  377469
54  554815  604362  559298  587314  349619  364552  340275  355283
55  588101  614914  575532  609761  362220  375690  354275  384464
56  668565  708841  661034  711035  412325  430574  395257  423331
57  623573  665004  607808  651746  380681  402168  377914  394080
58  664887  703756  652673  689818  406798  424045  394812  407672
59  636960  659930  621767  656171  379671  400000  379185  394315
60  686084  721274  673737  709343  414589  444566  412654  432422
61  627419  660410  616017  652201  380712  397088  374369  400748
62  633854  670659  624245  661058  387120  405295  388031  408579
63  635287  684029  633383  659148  376785  403393  373044  393970
64  655994  694751  651861  682287  397094  416028  393571  418857
65  647282  698711  653274  685666  398654  423652  387582  408630
66  644345  670231  632983  672115  395777  405606  383985  399441
67  737140  769043  723749  776883  451070  464521  434320  449595
68  718579  745507  671406  720204  417196  448258  421179  437142
69  727147  743785  715846  753793  439407  449005  423112  450536
70  685334  730034  689925  729686  414898  428286  401861  421729
71  715486  739132  694016  716982  423203  448425  425455  447322
72  757478  778348  714015  767967  445286  482732  451502  466496
73  708913  744094  709579  738214  418944  433882  411149  438369
74  728310  762857  726509  755616  435277  440359  415819  433508
75  728034  760134  706453  737415  428567  444785  418437  444166
76  690663  741869  701938  730769  410594  426227  397438  417070
77  713364  739416  687043  735258  431473  444223  412542  434259
78  710907  750023  702863  725369  424061  433791  422372  433131
79  790903  855353  788324  805037  460970  485800  465744  478686
80  803682  830059  764417  804252  463129  487371  449876  484133
81  797945  843801  788267  821254  459982  475608  460382  477179
82  808774  834748  777006  814217  470395  491666  463290  496550
83  790684  831804  783971  833701  472440  496997  456280  474969
84  793784  837176  773049  799425  458376  486272  452748  475464
85  800558  832803  782320  821574  478789  495136  456075  471433
86  805458  831571  779203  797703  461591  479105  451271  478087
87  798730  825756  764162  810978  461810  480494  442596  468720
88  815651  836007  786001  815686  466494  475303  462320  476686
89  780316  816909  762936  794133  451835  473627  442812  465770
90  755066  787494  740071  762347  448865  453902  439282  449316
91  806252  834197  760934  812566  463489  482489  452142  488882
92  880023  916065  837007  869220  487696  527574  490609  518879
93  894497  913777  854261  891824  504533  529148  492124  521078
94  916241  943548  879070  911562  512830  521462  508704  514645
95  887654  906398  876040  906509  511568  520836  491214  519857
96  895842  917657  867777  913212  519216  547719  506602  550069
97  903047  917828  881836  916607  507133  531089  501940  525193
98  940539  984316  897589  958921  533306  552851  510453  546346
99  908054  921455  859349  885776  520254  530629  497374  520994
100  901774  933315  858610  895861  507964  526048  506054  519318
101  852001  871369  805013  876997  494122  510290  482357  494893
102  889217  896766  844105  855390  495967  505309  471654  495562
103  839566  880678  829045  870351  486562  508517  464393  484723
104  855614  916290  839565  871543  489146  504692  483803  486301
105  847060  872449  828603  872107  478020  498217  468296  485944
106  958111  981434  924371  938743  536052  543629  525169  535281
107  915404  915573  870707  878147  495428  515343  482757  503898
108  895565  940184  885755  899209  511908  524686  489486  504945
109  907151  911705  859520  887146  504264  528486  501460  515230
110  923269  948213  883785  921458  510091  533188  512274  520987
111  962912  970580  906040  929191  521902  536234  500184  523214
112  923441  934129  885178  904967  513613  526959  495913  511968
113  859239  890928  829410  859430  474460  491988  472501  487631
114  864207  877246  817240  835900  483519  491529  469015  485245
115  869007  871417  809892  837734  474635  482900  456858  471649
116  884609  897637  840639  855330  504216  515128  482360  493342
117  842337  836919  801035  789709  464740  464846  442997  446176
118  889315  928411  883788  910022  516468  530107  493435  500229
119  884282  890427  853000  856835  490282  501702  473259  487054
120  906852  928554  865886  906396  507368  518795  484685  504346
121  908933  924654  872662  907227  502571  515883  490178  501591
122  988023 1004277  955670  972576  543424  563752  528546  533809
123  916948  935580  897656  915622  508911  515309  492405  505760
124  937540  994038  934289  970006  525394  541484  502128  520549
125  977924  998270  935014  975894  541044  543072  510590  526180
126  884673  899835  841553  868071  496141  493018  465152  478984
127  914707  927455  870803  905448  513944  512175  495234  494860
128  908467  917711  876655  872600  491068  487826  464964  470949
129  909814  936291  878269  899311  487648  501812  467933  496007
130  899974  921727  861913  881945  498520  507706  479841  485586
131  897092  932951  876219  894130  503530  519251  475699  502529
132  895357  915457  838500  886605  485625  492818  455990  473752
133  872170  891234  842221  872822  484301  491994  463957  470542
134  907235  931194  869703  886297  478121  495555  468240  485996
135  868245  879181  843779  845543  470955  471780  454059  448460
136  858131  893898  837177  866124  464792  474260  449993  461954
137 1042320 1070586  989308 1002079  548645  568322  522873  541272
138  957274  986581  933331  952910  514891  535594  506577  513074
139 1027648 1036863 1001375 1020768  567578  567214  528796  548739
140  941193  936547  907041  907315  503100  510174  488120  490082
141  984320  979971  965880  971893  539399  538436  511409  521482
142  950921  957496  902968  931631  516955  514140  489336  493068
143  976067  981098  924986  927026  508044  519790  499938  497289
144  931132  932909  895991  891684  498654  495040  465404  475869
145  924368  921159  891147  873244  498234  486056  481215  485527
146  951633  941406  910332  921097  517646  503683  485987  488881
147  982289  959235  905301  913349  518094  512892  493811  490400
148  911767  914948  887700  896000  501737  496278  480737  475799
149  941106  912893  881132  906423  512902  511552  483896  482376
150  988713  980139  945178  926255  517130  505916  491898  477237
151  893089  884472  840626  835315  470694  472524  452301  461238
152  930893  914865  882638  901185  489296  491855  465804  478752
153  889968  863975  847730  856769  476751  463279  457332  444451
154 1014750 1030023  980896  974597  530012  538778  510068  508299
155 1119095 1104561 1048306 1049603  573548  578007  557499  560176
156 1046398 1014713  991208  952077  557760  534514  531166  525117
157 1094953 1100486 1061044 1066210  592975  579692  559562  545109
158 1017128  981606  967893  961719  536540  520325  506456  500888
159 1022034 1000477  982226  949197  525971  519542  520262  513562
160 1009925  977876  950812  929461  508676  496665  484425  496924
161 1016915 1007808  963549  957331  522559  523142  505689  501878
162 1003696 1004652  949793  951612  513992  514176  489399  491339
163 1014057  995515  967309  983721  535917  522704  509379  500868
164 1026408  999486  959902  951026  531267  524002  495647  497003
165  957765  973926  913195  922020  506446  494213  473171  459691
166  998189  994622  951223  941367  516498  520848  487666  487881
167  992773  981539  939818  936316  512949  523914  496411  492365
168  962938  986272  954826  934467  501127  503510  473629  477122
169 1007753 1014569  957705  984336  542797  533014  507746  499921
170 1007496 1005219  947439  952593  521409  512491  494312  493363
171 1007990  982124  941721  943017  494926  497078  467988  495377
172 1201368 1204678 1153044 1119326  616429  596334  606384  598853
173 1121486 1096515 1071764 1066105  565546  579451  542930  536222
174 1017252 1002805  960968  968715  520674  520823  499736  502292
175 1061730 1056716 1007246  998023  540373  533580  524189  528871
176 1093680 1085886 1024982 1024480  565085  557746  526021  532269
177 1095020 1065270 1084186 1043201  560213  549272  535402  525728
178 1120347 1143678 1080966 1084595  573099  574394  527375  527130
179 1117033 1074116 1033849 1065910  576064  575557  541037  542817
180 1024671 1035372  961002  940553  516560  531408  493423  487855
181 1111253 1095273 1009469 1021525  564594  585418  532677  546353
182 1049665 1066950  980314 1007773  547066  545656  522427  508581
183 1061167 1071363 1010706 1008580  539318  527656  508376  507580
184  969161  972128  887641  894237  490799  482844  466568  480068
185 1054225 1042739  944904  961886  521436  526135  477408  482765
186  916427  920392  845363  852758  489374  494909  452637  466438
187  899462  882759  807542  823248  430369  443223  409010  420376
188  864649  854726  844399  844167  466588  455619  428946  428682
189  895844  891098  822007  863389  472727  465080  431892  436826
190  877926  891347  860161  865966  442624  456401  425336  432916
191 1253700 1246612 1148311 1140985  611448  614824  566608  573560
192 1258853 1268233 1199950 1235325  638463  632793  593932  592137
193 1006186 1008563  937659  926531  514553  499201  484855  488630
194  969073  971667  898775  915280  483902  489269  448534  461270
195 1070698 1074103  936985  960970  542530  553763  483562  502715
196  953210  953699  868349  875389  481254  482321  444886  442175
197 1127695 1111443  997823 1029762  559694  564636  503480  531173
198  906032  942880  816420  832282  453549  454972  407466  420189
199 1021428 1028360  952047  934866  527481  505352  443954  444763
200  839412  842020  705477  723498  413179  431755  360464  359473
201  803157  809139  685711  706385  417153  406897  338186  351629
202  746623  769432  648086  663829  373745  383606  332015  330568
203  845430  847695  695507  721137  412971  432276  346587  355782
204  736752  737588  608044  616674  365686  384042  307116  306508
205  724090  743377  605149  626757  368272  381488  317208  320587
206  672977  680336  580571  591373  326366  348890  291981  301185
207  641056  665169  593370  599142  335132  333282  296039  297871
208  664871  683797  640647  638900  325458  346183  313804  315878
209  601730  617906  574623  587619  304183  310994  289799  297003
210  607840  621686  633984  639379  311558  317434  306807  313821
