n nv111 nv112 nv121 nv122 nv211 nv212 nv221 nv222
5  2.7273  2.5455  2.8182  2.6364  2.7273  2.4545  2.7273  2.6364
6  2.7500  2.6875  2.8750  2.9375  2.7500  2.7500  2.8125  2.6250
7  3.4091  3.0000  3.1818  3.1818  3.4091  3.3182  3.2273  3.2273
8  3.2069  3.1724  3.2414  3.5172  3.2069  3.3448  3.2414  3.4138
9  3.4865  3.4865  3.5405  3.6216  3.4865  3.4595  3.6486  3.4595
10  3.5652  3.8043  3.7174  3.8043  3.5652  3.6304  3.8696  3.6957
11  3.9643  3.9286  3.9107  3.9107  3.9643  3.9286  3.9464  4.0179
12  4.1194  4.1791  4.2090  4.2239  4.1194  4.2985  4.2239  4.3433
13  4.3165  4.2152  4.2785  4.2911  4.3165  4.2532  4.2278  4.2532
14  4.3152  4.4239  4.3913  4.4891  4.3152  4.3696  4.4022  4.4239
15  4.6981  4.5943  4.5849  4.5943  4.6981  4.7075  4.7075  4.6038
16  4.7521  4.7521  4.7686  4.6860  4.7521  4.7438  4.7603  4.7769
17  4.9416  4.9562  4.9197  4.9343  4.9416  5.0292  4.9270  4.8248
18  5.0779  4.9481  4.9286  4.9026  5.0779  4.9610  4.9286  5.0325
19  5.2267  5.0930  5.2151  5.0581  5.2267  5.2384  5.1279  5.0465
20  5.3246  5.3351  5.2408  5.2513  5.3246  5.3979  5.1571  5.3141
21  5.4597  5.4645  5.3412  5.2749  5.4597  5.3697  5.3365  5.3460
22  5.6422  5.6552  5.4871  5.4914  5.6422  5.5862  5.4871  5.5345
23  5.6024  5.6850  5.6811  5.5315  5.6024  5.7323  5.5827  5.5748
24  5.7581  5.7978  5.7040  5.6823  5.7581  5.8953  5.6968  5.7292
25  5.9867  5.9967  5.7575  5.8040  5.9867  5.9734  5.7708  5.8405
26  5.9663  6.0184  5.8896  5.8252  5.9663  5.9479  5.8528  5.9233
27  6.0909  6.0909  6.0170  5.9858  6.0909  6.1648  5.9688  6.0114
28  6.2454  6.2348  6.0264  5.9499  6.2454  6.1451  6.0712  6.0739
29  6.3514  6.2678  6.1695  6.1990  6.3514  6.3391  6.1351  6.1204
30  6.3693  6.3807  6.2454  6.2592  6.3693  6.4106  6.2408  6.2683
