m t_B1 t_G1 t_B2 t_G2
0 35637 34823 13780 13465
1 34212 33714 14395 13919
2 34215 33934 14775 14387
3 34767 34471 15273 15021
4 35718 35678 16065 15755
5 35241 34916 16244 15786
6 35641 35094 16984 17029
7 39158 39364 19931 19305
8 39087 39329 20463 19959
9 40370 40185 22296 21329
10 40821 41198 22554 22125
11 45029 45296 25203 24703
12 44233 44827 25513 25196
13 43626 44091 26658 26505
14 46119 47166 28736 28676
15 46878 47272 29811 29899
16 50145 50641 32765 32845
17 50393 52313 35059 35492
18 54039 56880 37843 38029
19 57465 58962 41400 42306
20 61499 61034 44031 45417
21 61535 64338 44249 45778
22 62786 64788 44908 47100
23 62977 65546 45686 48131
24 63657 65253 45571 47027
25 64436 67346 46753 48005
26 64069 68560 48393 50659
27 64711 66023 49157 51699
28 63149 66977 48487 52071
29 67352 70563 51431 53854
30 64552 68853 49745 54110
31 69510 72869 51658 54365
32 65679 67315 52066 55583
33 68242 71668 54843 58694
34 69251 72093 53493 56302
35 70364 72943 53878 56690
36 67362 73670 53268 57729
37 70823 75014 55181 60105
38 70874 75963 54607 59104
39 70705 74784 56163 62641
40 73948 79057 57780 64949
41 71717 79659 57825 64121
42 71670 80149 59968 63484
43 73777 78619 58976 65110
44 75306 83017 58096 63441
45 72442 76716 61242 66684
46 80557 87817 65248 71014
47 79122 85253 65387 71355
48 78167 84012 61690 69738
49 82180 87860 64291 69159
50 78149 83741 65524 71301
51 77600 85922 63756 71535
52 76315 80930 62799 67824
53 74529 81569 65090 67825
54 73058 79909 61082 66308
55 75374 78977 56973 62289
56 78469 85110 61764 69214
57 74397 80420 59269 67542
58 77838 83167 61493 68496
59 76944 83858 61718 70035
60 79858 84996 61157 68531
61 77678 83823 67195 75647
62 74022 85989 61670 67329
63 76352 84326 62141 69134
64 79074 84544 62291 66544
65 76019 82827 60043 67308
66 78199 84492 60702 69548
67 79671 83740 61246 67531
68 80778 88830 62521 70513
69 85471 88262 66750 76365
70 78642 85101 63941 70827
71 79455 85404 65974 75003
72 79826 87043 62888 69596
73 78227 84535 63089 71046
74 76125 82891 63454 70399
75 83547 89726 63106 69891
76 78055 88208 62253 70602
77 81979 88970 65616 75416
78 84841 92067 65778 73031
79 90950 98638 73032 84096
80 98395 105136 75384 86190
81 88879 94360 73442 80843
82 92596 101527 72550 80268
83 84611 97090 68947 81083
84 91921 100678 71323 82351
85 91247 98211 71528 79874
86 90334 97527 69092 80834
87 87307 94837 77187 84723
88 96292 101025 75942 83304
89 91791 100786 72166 82344
90 93076 99397 75080 86815
91 88619 97971 71101 80636
92 90614 101930 71799 84191
93 88401 100479 72328 81295
94 92375 103067 71522 83237
95 92389 99164 70279 80603
96 90834 95081 70216 81478
97 84382 97702 73066 80280
98 89306 98903 71100 81340
99 91847 103877 74776 86186
100 95462 99763 71788 83072
101 94334 102041 68617 78524
102 96686 104619 77714 85199
103 89605 101915 74878 83296
104 92618 98215 70689 79565
105 94293 104484 78162 88379
106 97406 107889 76200 88140
107 94313 104113 78538 89996
108 99352 111479 75446 85458
109 103657 106596 72555 86994
110 94607 105397 78999 88695
111 99492 110234 79302 90420
112 101856 108211 80405 88819
113 102334 107469 75735 84948
114 99652 108882 80345 90892
115 101898 110949 80761 92778
116 96998 105565 85183 94012
117 100092 108465 81186 96953
118 98760 112302 81697 93985
119 108497 115746 86800 99191
120 98548 109108 77155 90105
121 104854 116615 81310 93660
122 103701 113145 79874 90820
123 105748 115141 84689 96352
124 103955 114548 87246 97550
125 108722 119341 80352 93779
126 109228 124255 84853 95166
127 108757 118272 83895 97517
128 109864 124840 87408 99805
129 109991 116148 81837 95402
130 114966 122164 90466 102652
131 110432 123837 89128 103294
132 113860 118881 87868 101314
133 111529 120358 78097 89899
134 108592 119058 86871 97714
135 108232 117107 79860 91273
136 112850 121239 91056 101727
137 121831 128607 94361 106088
138 114481 119935 96656 108715
139 121111 135172 98822 107306
140 118541 129217 95177 109805
141 118247 124478 88108 105791
142 123075 124080 89324 103389
143 118859 126128 89486 98605
144 116955 124822 91830 103500
145 121342 126879 93533 105648
146 115724 127638 89520 102197
147 124974 134354 92461 103808
148 123929 136078 98973 111492
149 131739 139581 97662 113138
150 127576 136562 99259 112276
151 137667 144510 98812 118946
152 144365 150168 101224 114286
153 127951 141060 111022 124716
154 144075 159643 110645 131633
155 143703 155025 116830 132355
156 144681 157089 114432 122042
157 143344 147145 110492 120707
158 153494 160372 109182 122351
159 140975 154044 110167 122002
160 147576 154523 104658 114589
161 140233 149246 113939 126004
162 138618 145162 105651 116251
163 143888 151110 107177 120828
164 129971 137367 95375 112826
165 139829 145118 98202 111236
166 132588 144103 98397 109946
167 135307 148251 101594 114978
168 135834 142432 100620 121549
169 133728 141566 105252 119562
170 139191 143462 102127 112491
171 128281 133996 96918 108970
172 131766 144157 99644 113979
173 146367 159610 108579 123129
174 145900 146687 109654 121529
175 143475 151656 107391 122844
176 145685 156971 105243 120351
177 138929 146637 103195 113643
178 136793 147002 103856 114795
179 145927 155213 106937 124116
180 140347 152328 110102 126180
181 138215 150679 107129 118881
182 140872 149970 105087 121963
183 136555 153972 113363 131736
184 147012 154868 107210 123693
185 141963 149763 113124 127344
186 148386 151187 110108 122752
187 135976 151366 105286 119379
188 151160 150659 101055 112514
189 170644 172475 119245 135349
190 163747 165997 121649 135666
191 165903 181696 131002 147922
192 172003 187455 138384 160956
193 180449 188165 136676 146793
194 158017 171220 132547 146872
195 169785 173008 119366 134415
196 154722 163578 112635 125028
197 151738 165851 119980 136329
198 163998 169165 118010 140160
199 164483 174928 120913 133025
200 151087 157899 122605 137314
201 158883 169751 119124 132110
202 164054 166450 123839 137119
203 162128 172634 119158 129209
204 167798 174908 118663 121964
205 162080 175992 132055 150162
206 156861 169101 121401 131794
207 160958 167665 113901 126856
208 145948 159849 106661 127024
209 147234 151782 112927 122545
210 154628 157271 99434 109950
211 153124 162954 116100 127370
212 144796 156193 105761 120782
213 152699 153511 112455 129844
214 154582 161299 114447 124944
215 150205 159780 113883 122737
216 145129 155908 117502 133238
217 153223 157444 111993 124137
218 153638 157825 109981 125218
219 164371 167954 117086 124300
220 159298 162746 122436 139640
221 160533 171690 115699 129468
222 158497 160965 109772 121019
223 162269 168553 118873 132225
224 155131 160400 110716 123394
225 150678 158630 114093 125550
226 149013 154012 106768 121200
227 162383 167965 118865 132642
228 160094 164475 115661 127357
229 165937 171066 110021 121327
230 164850 166060 115704 125075
231 154920 161014 107945 119638
232 161747 164456 111762 121165
233 152673 155847 115578 121786
234 160899 163380 112125 116466
235 164316 165513 122726 133636
236 158164 168046 115564 126741
237 157493 165472 114275 129442
238 177176 192380 123510 135013
239 170225 178935 126657 146311
240 166067 174931 128143 140238
241 168216 173861 113166 123368
242 170632 173060 119270 136840
243 160068 162598 124260 131357
244 184253 193270 127152 140832
245 187782 182550 129287 141121
246 198019 193180 140404 150628
247 182095 185357 131344 143295
248 195308 186445 132553 147365
249 205148 209317 142248 155401
250 183127 184914 121815 134745
251 190620 184185 128952 140047
252 173600 184333 127510 138780
253 178229 180111 121052 133437
254 178512 193729 128248 144520
255 190557 195436 143337 153999
256 185944 190304 126851 132779
257 180936 180849 120116 129737
258 184961 187174 129429 138946
259 200724 198588 138483 145922
260 195981 202244 138142 147241
261 179505 180522 127742 134679
262 169025 174740 118402 129013
263 169425 166904 114027 128251
264 165198 175579 137902 145913
265 182081 191313 132969 140091
266 168723 174017 120527 123808
267 157479 158943 111227 114500
268 165541 161316 119138 126057
269 160961 166594 116972 124934
270 211988 215776 141964 157366
271 188513 197374 122306 135774
272 197781 194379 127989 137050
273 190089 186613 121425 127189
274 184933 183634 122591 130605
275 177236 178176 111887 123229
276 181916 178742 118837 128636
277 203848 204317 138240 151101
278 232953 225792 145189 165476
279 218874 206904 147437 159642
280 202260 204059 141559 147186
281 190624 190415 121709 129734
282 192300 195514 132669 145933
283 195606 181975 137174 144036
284 178233 188111 112900 118785
285 184580 183123 123747 128384
286 171716 171670 115544 118218
287 174378 167815 121009 125245
288 181546 186158 127367 135367
289 173793 181781 120026 126788
290 186738 178010 129990 141182
291 164685 162302 129231 134938
292 167503 176072 108378 110167
293 168808 174555 119432 129200
294 175932 167313 112883 116033
295 179402 176360 126038 133157
296 191663 188217 136804 139238
297 211913 214813 141204 147544
298 199886 206436 137608 143024
299 223839 229571 147146 147255
300 205702 208020 142670 152286
301 256389 246267 166738 166889
302 258711 240161 177321 188341
303 242259 229985 162886 164574
304 264542 257424 166462 165229
305 260799 259375 160189 169514
306 244928 237016 161414 166649
307 226851 209455 145606 150196
308 216338 219755 143593 159822
309 194266 188468 132224 131953
310 206921 204707 122219 126933
311 184090 181221 132722 138696
312 204211 189670 123424 127537
313 179091 178406 128537 128994
314 176973 169977 117878 116441
315 197619 184260 133382 129177
316 196524 191691 118580 121333
317 189407 179911 122915 124429
318 192119 174276 119711 118849
319 182664 180361 122095 125134
320 181854 181571 121754 124037
321 177733 173542 122274 129642
322 166940 160659 124807 122710
323 164938 159067 116459 120893
324 158753 158614 106751 111434
325 168133 167507 110288 114459
326 213412 214848 138947 140883
327 196038 189461 134917 137879
328 186866 184905 124723 128242
329 199915 198792 143129 148868
330 196634 185431 123093 125512
331 193157 180313 122724 123204
332 182539 172333 113748 115096
333 195712 194540 125169 125379
334 206553 201300 148715 150153
335 208617 194799 118026 121748
336 192746 192372 127612 127472
337 209123 197626 145739 148438
338 208455 199473 135220 136568
339 197103 190574 131882 133642
340 172601 166160 126910 130517
341 205112 194183 137051 135977
342 191780 185667 122498 124126
343 208098 196940 112500 114376
344 193433 186269 116045 117109
345 195837 195457 125926 125424
346 203628 192922 123332 122679
347 177086 166714 103865 104455
348 171849 168923 124927 120272
349 174307 168738 115561 115242
350 182407 177501 119557 120766
351 174280 163510 122399 123130
352 209805 194640 141671 141504
353 217248 200948 125524 124101
354 232450 225491 157880 151869
355 211695 206331 136041 137648
356 197969 190169 132111 131203
357 212566 206151 138073 136861
358 211157 197460 134966 134310
359 228403 227420 139546 140237
360 241748 217267 139793 137923
361 216981 205620 128442 128179
362 199856 201463 125180 125780
363 221521 217829 148191 148441
364 202303 191260 142412 143039
365 170688 164335 110069 107971
366 181854 181343 124387 125671
367 189845 183047 128558 129283
368 191658 192445 117654 116838
369 196722 194904 117730 116792
370 201758 199283 118638 120214
371 241567 231426 141768 142755
372 202168 196796 104307 105838
373 188985 187153 107414 108617
374 172948 170551 96886 96582
375 174448 177540 121219 122285
376 202820 200684 123939 123381
377 187409 181945 114814 115962
378 195641 187003 109128 111021
379 227523 219485 132576 135428
380 227668 207628 123266 124025
381 173200 170195 98043 97867
382 225962 207852 120280 120145
383 217441 221977 105662 107068
384 216476 210186 143494 143505
385 162703 162572 75941 76139
386 194512 191222 100868 101983
387 188269 188531 99995 99386
388 192667 187983 90054 90419
389 162258 161895 79826 81090
390 179701 181697 82076 83119
391 206563 200952 94160 95187
392 176872 173065 81518 80031
393 176983 171048 73665 74135
394 189564 185538 85584 86546
395 150777 150194 58475 58781
396 150451 151385 86826 86738
397 141772 143235 67820 68166
398 193783 190136 98995 99019
399 193072 183194 85197 87462
400 169256 166083 92047 95459
401 182290 175369 94474 94858
402 159090 159155 93980 94174
403 172767 174293 78512 78564
404 147697 149530 72006 72575
405 135234 135949 62325 62694
406 141312 143644 76422 77107
407 171551 168479 59352 59447
408 201240 200866 58847 59511
409 157213 156464 59211 59486
410 160736 162095 59448 59694
411 130009 130268 59041 59966
412 124197 124054 58403 58741
413 106687 107732 58829 58962
414 160291 159982 59112 59640
415 125578 125977 59126 60203
416 141018 139852 57322 57798
417 109560 109644 59295 60822
418 129960 129668 61581 60023
419 161267 166174 76747 78343
420 145143 144586 73334 73812
421 148832 148619 68263 71109
422 120647 120755 63651 63397
423 90080 91107 59838 60111
424 97341 97278 60265 61360
425 93622 93766 60149 60854
426 89271 89559 59869 60404
427 108439 108983 58191 58366
428 80807 82845 59219 59695
429 98526 98645 65440 64067
430 97858 98894 62952 62876
431 92874 93162 60087 61158
432 89181 90664 63707 63551
433 85795 85233 60556 61278
434 75898 76137 59363 59656
435 77195 78144 60438 61415
