# n m n+m tB1 tamB1 tB2 tamB2 tG1 tamG1 tG2 tamG2
0 42 62 104 226 15 241 15 128 14 156 14
1 7 0 7 19 7 17 7 9 7 8 7
2 48 753 801 645 3 640 3 539 3 703 3
3 27 170 197 155 4 199 4 88 3 100 3
4 4 2 6 8 2 7 2 4 2 4 2
5 30 67 97 109 9 114 7 69 8 100 8
6 2 0 2 5 2 4 2 2 2 2 2
7 30 52 82 65 12 107 10 50 10 56 10
8 11 1 12 17 10 17 10 8 10 7 10
9 33 188 221 210 6 283 4 118 4 133 4
10 41 496 537 386 3 374 3 363 3 507 3
11 42 432 474 514 3 565 3 223 3 252 3
12 46 466 512 604 4 770 4 788 4 874 4
13 48 835 883 1108 3 1151 2 802 2 901 2
14 36 526 562 358 2 320 2 331 2 331 2
15 49 763 812 1410 3 1391 3 552 3 1222 3
16 30 366 396 286 2 243 2 243 2 256 2
17 5 5 10 55 2 15 2 19 2 10 2
18 47 722 769 762 4 1139 2 354 2 352 2
19 46 82 128 310 18 376 14 414 15 453 14
20 10 24 34 47 2 42 2 35 2 33 2
21 41 414 455 567 3 587 3 460 3 493 3
22 14 89 103 66 1 52 1 31 1 31 1
23 21 16 37 58 10 55 10 64 10 50 10
24 44 420 464 565 4 665 4 791 5 777 4
25 50 1139 1189 376 1 375 1 194 1 194 1
26 20 64 84 83 5 85 4 68 4 78 5
27 46 280 326 505 7 477 7 326 5 374 5
28 21 151 172 74 2 74 2 72 2 75 2
29 21 189 210 75 1 73 1 40 1 39 1
30 48 719 767 1073 3 734 3 397 3 589 3
31 17 68 85 45 4 46 3 48 3 64 3
32 21 16 37 52 11 41 12 30 12 40 11
33 17 52 69 34 4 41 4 39 4 52 3
34 42 322 364 400 5 382 4 238 4 286 4
35 43 880 923 479 1 488 1 111 1 112 1
36 48 1060 1108 335 1 334 1 126 1 126 1
37 29 23 52 38 17 61 12 25 12 25 12
38 9 15 24 15 4 20 3 9 3 9 3
39 38 342 380 204 5 472 3 172 3 173 3
40 25 205 230 167 2 180 2 133 3 180 2
41 38 64 102 69 16 171 13 196 13 150 13
42 4 1 5 6 3 5 3 4 3 3 3
43 26 316 342 80 1 80 1 45 1 45 1
44 15 49 64 48 3 45 3 25 3 26 3
45 17 106 123 24 1 24 1 21 1 21 1
46 2 0 2 4 2 4 2 2 2 2 2
47 12 26 38 20 3 19 3 27 3 39 3
48 30 380 410 256 2 256 2 274 2 254 2
49 38 637 675 534 2 556 2 445 2 446 2
50 49 1114 1163 417 1 420 1 130 1 133 1
51 22 101 123 75 4 88 4 53 3 56 3
52 45 618 663 348 3 409 3 336 3 456 3
53 41 366 407 325 4 332 4 275 4 313 4
54 38 429 467 261 3 274 3 274 3 296 3
55 27 89 116 154 5 200 5 58 5 74 5
56 24 265 289 82 1 76 1 62 1 62 1
57 29 47 76 160 9 114 10 74 9 72 9
58 8 17 25 21 2 15 2 11 2 11 2
59 13 20 33 14 5 19 5 19 3 20 3
60 31 329 360 318 2 180 2 121 2 120 2
61 19 64 83 46 4 52 4 63 4 70 4
62 6 13 19 10 1 10 1 6 1 6 1
63 45 518 563 379 4 506 4 457 4 653 4
64 11 8 19 20 5 18 5 10 5 11 5
65 40 508 548 260 2 316 2 284 2 336 2
66 29 203 232 108 3 127 3 57 2 57 2
67 37 344 381 284 4 505 3 184 3 213 3
68 24 57 81 41 8 96 6 72 5 81 5
69 44 778 822 406 2 463 2 348 2 349 2
70 29 100 129 82 7 97 7 50 5 52 5
71 17 118 135 27 1 25 1 22 1 22 1
72 13 17 30 31 5 28 5 25 5 27 5
73 14 17 31 23 5 21 5 23 5 23 5
74 29 233 262 134 3 146 3 99 3 120 3
75 47 702 749 536 3 484 3 562 3 713 3
76 17 117 134 98 1 93 1 22 1 21 1
77 21 58 79 97 5 69 5 40 5 46 5
78 28 113 141 126 6 118 5 139 5 160 5
79 31 41 72 88 10 69 11 37 11 60 10
80 12 5 17 20 7 18 7 8 7 8 7
81 9 18 27 18 2 17 2 10 2 9 2
82 30 141 171 164 4 141 5 121 5 136 5
83 44 663 707 238 2 238 2 275 2 275 2
84 31 338 369 179 3 313 2 123 2 122 2
85 8 8 16 12 3 12 3 10 3 10 3
86 22 79 101 45 4 56 4 91 4 70 4
87 39 200 239 351 7 248 5 260 6 438 5
88 41 124 165 210 11 400 9 246 10 283 9
89 24 34 58 57 8 70 7 40 7 37 7
90 8 17 25 13 1 13 1 9 1 7 1
91 49 345 394 627 6 506 7 120 5 154 5
92 27 56 83 45 7 51 7 54 7 54 7
93 29 15 44 42 17 38 17 25 17 25 17
94 36 131 167 164 6 165 6 123 6 104 6
95 35 471 506 234 2 263 2 134 2 135 2
96 13 47 60 34 2 34 2 18 2 26 2
97 27 219 246 157 2 158 2 76 2 75 2
98 44 289 333 270 6 390 6 186 5 252 5
99 32 2 34 53 30 51 30 21 30 19 30
100 18 12 30 26 10 25 10 19 10 18 10
101 29 402 431 66 1 66 1 55 1 54 1
102 30 54 84 77 10 74 10 74 10 76 10
103 38 504 542 230 2 303 2 136 2 137 2
104 3 0 3 6 3 5 3 4 3 2 3
105 29 151 180 181 5 200 5 113 5 216 4
106 5 7 12 5 1 6 1 5 1 4 1
107 2 1 3 3 1 3 1 2 1 2 1
108 14 0 14 19 14 19 14 8 14 8 14
109 25 103 128 91 3 95 3 59 4 81 4
110 18 102 120 39 2 38 2 36 2 36 2
111 43 776 819 368 2 368 2 353 2 352 2
112 47 945 992 835 2 733 2 559 2 563 2
113 16 36 52 51 4 29 5 31 5 33 5
114 9 12 21 20 2 18 2 15 2 14 2
115 40 575 615 410 2 366 2 192 2 193 2
116 19 143 162 134 2 140 2 101 2 97 2
117 7 8 15 12 3 10 3 11 3 11 3
118 22 72 94 88 4 101 4 63 5 69 5
119 31 429 460 74 1 73 1 63 1 61 1
120 39 144 183 178 9 191 7 179 7 192 7
121 46 737 783 439 3 695 2 218 2 220 2
122 16 113 129 47 1 47 1 22 1 20 1
123 24 71 95 80 5 86 5 38 5 47 5
124 16 90 106 42 2 37 2 40 2 38 2
125 19 47 66 27 4 28 4 39 3 41 3
126 9 3 12 11 6 10 6 7 6 7 6
127 40 359 399 375 4 318 3 206 4 308 4
128 25 248 273 164 2 171 2 119 2 117 2
129 12 50 62 28 1 27 1 13 1 13 1
130 40 30 70 105 21 106 21 54 22 54 21
131 5 7 12 8 1 8 1 5 1 5 1
132 34 72 106 51 10 71 10 194 8 87 10
133 21 47 68 46 7 57 6 54 6 55 6
134 14 67 81 38 1 37 1 15 1 16 1
135 22 191 213 128 2 128 2 104 2 104 2
136 32 342 374 290 3 302 3 261 2 341 2
137 15 95 110 43 1 42 1 19 1 18 1
138 23 82 105 72 5 94 5 71 5 94 5
139 32 8 40 60 25 57 25 23 25 22 25
140 30 149 179 210 4 114 4 86 4 89 4
141 14 21 35 17 5 16 5 18 5 18 5
142 19 119 138 81 2 77 2 46 2 46 2
143 41 487 528 377 3 566 3 298 3 435 3
144 36 451 487 193 2 192 2 304 2 268 2
145 24 230 254 131 2 131 2 114 2 113 2
146 12 49 61 42 2 31 2 20 2 20 2
147 31 380 411 318 2 230 2 159 2 158 2
148 15 13 28 29 8 22 8 14 8 13 8
149 4 0 4 6 4 7 4 3 4 3 4
150 41 85 126 206 14 195 13 72 12 85 12
151 7 12 19 9 2 9 2 8 2 7 2
152 22 29 51 43 7 39 7 28 9 38 7
153 16 81 97 41 2 40 2 39 2 39 2
154 12 17 29 27 3 27 3 26 3 26 3
155 33 165 198 153 6 174 6 161 5 187 6
156 45 721 766 213 2 214 2 204 2 203 2
157 25 226 251 81 2 81 2 82 2 82 2
158 10 43 53 18 1 18 1 11 1 11 1
159 18 106 124 74 2 81 2 71 2 90 2
160 31 340 371 187 2 212 2 171 2 166 2
161 15 19 34 30 5 27 5 16 5 16 5
162 39 278 317 376 5 279 5 128 4 155 4
163 3 3 6 4 1 4 1 3 1 4 1
164 2 0 2 3 2 3 2 3 2 2 2
165 27 191 218 125 3 122 3 168 3 207 3
166 26 181 207 127 3 98 3 81 2 86 2
167 34 560 594 90 1 90 1 72 1 72 1
168 27 54 81 63 8 73 8 58 7 62 7
169 36 413 449 252 3 305 3 257 3 343 3
170 3 2 5 3 1 3 1 3 1 3 1
171 35 186 221 154 5 146 4 105 4 111 4
172 31 307 338 125 2 123 2 88 2 87 2
173 40 744 784 206 1 205 1 94 1 93 1
174 25 131 156 93 4 76 4 115 3 106 3
175 6 2 8 10 4 11 4 5 4 5 4
176 37 429 466 460 2 406 2 136 2 136 2
177 9 26 35 26 1 25 1 9 1 9 1
178 32 217 249 211 4 224 4 203 4 194 3
179 31 148 179 205 7 128 5 134 5 147 5
180 23 232 255 67 1 66 1 36 1 36 1
181 43 110 153 100 15 236 9 140 10 172 10
182 35 302 337 241 4 281 3 224 4 254 3
183 22 224 246 40 1 40 1 35 1 34 1
184 48 484 532 485 5 501 4 375 5 620 4
185 48 12 60 123 37 119 37 36 37 35 37
186 12 56 68 24 1 23 1 13 1 13 1
187 4 1 5 6 3 6 3 4 3 4 3
188 27 131 158 273 3 339 3 126 3 146 3
189 19 155 174 119 1 118 1 26 1 26 1
190 33 223 256 223 4 233 4 124 4 173 4
191 32 36 68 66 12 58 12 45 12 44 12
192 41 171 212 93 6 104 6 199 6 154 6
193 7 13 20 12 2 12 2 11 2 11 2
194 46 862 908 521 2 519 2 420 2 420 2
195 20 91 111 87 3 72 3 41 3 44 3
196 4 0 4 7 4 7 4 4 4 4 4
197 33 161 194 159 4 104 4 148 5 165 5
198 7 16 23 15 1 13 1 8 1 7 1
199 42 577 619 653 3 802 3 393 3 562 3
200 30 218 248 195 4 325 4 181 4 256 4
201 15 96 111 35 1 33 1 22 1 21 1
202 35 179 214 290 6 188 6 143 5 187 5
203 39 714 753 201 1 201 1 99 1 100 1
204 35 89 124 132 11 203 10 78 9 91 9
205 3 1 4 5 2 5 2 3 2 3 2
206 11 11 22 16 5 16 5 15 4 14 4
207 19 99 118 89 2 56 2 43 2 42 2
208 44 749 793 807 2 516 2 307 2 307 2
209 47 119 166 262 13 317 13 148 12 247 11
210 36 573 609 377 1 375 1 80 1 81 1
211 40 371 411 346 4 444 4 283 4 540 4
212 12 22 34 33 4 27 4 18 3 18 3
213 30 378 408 334 2 338 2 308 2 304 2
214 40 717 757 440 1 440 1 91 1 92 1
215 3 2 5 3 1 4 1 3 1 3 1
216 44 95 139 210 13 156 13 121 11 153 12
217 37 637 674 149 1 150 1 82 1 82 1
218 14 10 24 22 6 20 6 18 6 19 6
219 23 58 81 45 6 53 6 46 6 55 6
220 12 29 41 23 3 27 2 23 2 22 2
221 23 79 102 84 5 80 5 92 4 113 4
222 25 75 100 52 6 62 6 61 3 76 3
223 7 1 8 10 6 9 6 6 6 5 6
224 15 68 83 27 2 26 2 24 2 23 2
225 48 700 748 580 4 539 3 688 4 528 3
226 16 12 28 24 9 22 9 19 9 18 9
227 48 539 587 566 4 551 4 332 4 543 4
228 45 659 704 569 3 715 3 395 3 565 3
229 50 477 527 460 5 592 5 650 4 684 5
230 32 241 273 280 3 344 3 283 3 182 3
231 18 51 69 39 4 41 4 31 3 32 3
232 27 251 278 209 2 245 2 145 2 152 2
233 41 630 671 318 2 361 2 183 2 174 2
234 32 11 43 47 25 51 24 26 24 24 24
235 47 1013 1060 447 1 446 1 122 1 122 1
236 49 498 547 412 5 593 4 301 5 657 5
237 32 200 232 139 4 174 4 109 4 127 4
238 36 270 306 163 5 238 5 188 4 161 4
239 27 342 369 86 1 86 1 48 1 48 1
240 27 206 233 96 2 100 2 131 2 173 2
241 31 111 142 93 7 171 5 106 6 119 6
242 24 138 162 66 3 67 3 67 2 68 2
243 32 426 458 319 2 319 2 253 2 252 2
244 17 15 32 32 9 27 8 23 8 22 8
245 18 35 53 42 6 26 5 28 6 28 6
246 27 35 62 53 11 55 11 55 11 94 10
247 49 498 547 406 5 710 4 491 6 804 4
248 13 37 50 24 3 25 3 20 3 23 3
249 48 477 525 682 4 570 4 516 5 664 4
250 23 148 171 106 3 150 2 76 2 85 2
251 13 13 26 25 6 24 6 21 6 22 6
252 33 403 436 363 2 196 2 168 2 166 2
253 45 862 907 565 2 565 2 573 2 569 2
254 29 205 234 187 4 203 4 132 4 209 4
255 43 710 753 227 2 227 2 363 2 370 2
256 37 50 87 142 14 134 14 76 15 94 15
257 49 1001 1050 858 2 746 2 537 2 539 2
258 22 21 43 27 11 56 9 24 11 48 9
259 23 178 201 96 2 102 2 58 2 57 2
260 49 776 825 752 3 755 3 361 2 400 2
261 10 27 37 15 2 15 2 13 2 13 2
262 50 735 785 598 4 811 3 260 3 393 3
263 25 17 42 39 15 50 14 23 15 31 14
264 31 90 121 133 8 164 7 79 7 72 7
265 15 47 62 37 4 28 3 26 3 26 3
266 17 133 150 39 1 39 1 24 1 23 1
267 34 153 187 141 6 152 6 139 6 174 6
268 2 0 2 3 2 3 2 2 2 3 2
269 49 985 1034 525 2 521 2 575 2 576 2
270 15 87 102 48 2 48 2 38 2 38 2
271 32 87 119 93 8 149 7 78 7 84 7
272 44 271 315 263 7 395 6 284 6 270 6
273 36 386 422 498 3 338 3 93 2 94 2
274 31 383 414 295 2 268 2 203 2 203 2
275 34 148 182 144 5 161 5 128 5 146 5
276 12 5 17 14 10 18 8 9 8 9 8
277 8 10 18 10 3 10 3 10 3 10 3
278 27 338 365 86 1 85 1 51 1 49 1
279 10 33 43 22 2 21 2 21 2 20 2
280 30 431 461 69 1 71 1 58 1 58 1
281 18 131 149 62 2 61 2 62 2 62 2
282 18 113 131 41 2 41 2 44 2 45 2
283 47 152 199 335 11 316 10 236 10 366 10
284 25 46 71 54 8 66 7 32 7 33 7
285 16 78 94 54 2 49 2 49 2 49 2
286 47 446 493 973 5 645 5 537 4 790 4
287 45 579 624 487 3 859 3 449 3 585 3
288 39 614 653 300 2 298 2 387 2 402 2
289 27 259 286 152 2 150 2 123 2 122 2
290 22 181 203 99 2 99 2 103 2 103 2
291 28 61 89 82 8 86 8 58 9 66 9
292 12 44 56 23 2 22 2 27 2 27 2
293 7 15 22 12 2 11 2 13 2 12 2
294 20 153 173 31 1 31 1 29 1 27 1
295 50 1165 1215 618 1 597 1 139 1 143 1
296 10 2 12 14 8 13 8 7 8 7 8
297 11 34 45 23 2 22 2 15 2 14 2
298 29 371 400 133 1 134 1 54 1 54 1
299 42 718 760 331 2 339 2 281 2 283 2
300 32 146 178 103 6 123 6 64 5 80 5
301 12 10 22 24 5 23 5 10 5 9 5
302 26 26 52 41 10 40 10 41 10 40 10
303 14 69 83 42 2 41 2 41 2 40 2
304 47 469 516 248 4 270 4 448 4 638 4
305 39 327 366 517 4 514 4 180 3 490 4
306 49 672 721 467 4 663 4 633 3 679 3
307 37 108 145 179 10 151 8 124 7 135 7
308 19 44 63 34 5 34 5 45 5 46 5
309 18 150 168 53 1 53 1 25 1 25 1
310 29 308 337 152 2 160 2 120 2 123 2
311 50 1156 1206 267 1 268 1 137 1 137 1
312 27 339 366 110 1 111 1 48 1 48 1
313 43 863 906 309 1 308 1 106 1 107 1
314 5 7 12 8 1 7 1 4 1 5 1
315 35 18 53 77 21 78 21 31 21 29 21
316 31 323 354 297 2 303 2 245 2 519 2
317 16 102 118 43 1 33 1 22 1 20 1
318 44 106 150 242 13 192 13 406 11 228 11
319 30 165 195 117 5 218 4 104 4 118 4
320 35 164 199 201 5 245 5 124 6 173 6
321 13 70 83 44 1 42 1 15 1 14 1
322 12 60 72 22 1 22 1 13 1 14 1
323 6 1 7 9 5 8 5 4 5 4 5
324 42 767 809 505 2 504 2 495 2 487 2
325 9 19 28 15 2 14 2 14 2 13 2
326 23 253 276 45 1 45 1 37 1 37 1
327 23 35 58 86 8 65 8 46 9 67 8
328 11 20 31 33 3 20 4 13 4 13 4
329 13 48 61 27 3 32 2 25 3 30 2
330 17 100 117 55 2 53 2 38 2 37 2
331 21 202 223 37 1 37 1 33 1 32 1
332 43 574 617 262 2 345 2 286 3 430 3
333 34 143 177 265 6 206 7 129 7 237 6
334 33 73 106 114 11 102 10 74 10 98 10
335 24 187 211 118 2 93 2 48 2 49 2
336 32 427 459 263 2 263 2 246 2 247 2
337 45 597 642 475 4 500 3 446 3 578 3
338 10 29 39 20 2 19 2 19 2 18 2
339 6 2 8 8 4 7 4 5 4 5 4
340 49 804 853 371 2 434 2 551 3 850 3
341 43 371 414 573 4 439 5 158 4 202 4
342 49 1090 1139 937 1 945 1 131 1 143 1
343 22 70 92 59 4 63 4 59 4 63 4
344 41 292 333 365 5 582 5 201 5 286 5
345 20 25 45 64 8 68 8 35 8 37 8
346 22 228 250 105 1 110 1 63 1 64 1
347 13 28 41 52 4 44 3 17 3 16 3
348 8 20 28 14 1 15 1 9 1 9 1
349 47 92 139 239 14 244 15 140 14 143 14
350 8 25 33 11 1 11 1 9 1 8 1
351 5 8 13 9 1 9 1 5 1 5 1
352 38 117 155 119 9 135 9 100 9 209 8
353 11 16 27 14 4 13 4 13 4 12 4
354 22 195 217 86 1 85 1 35 1 35 1
355 25 277 302 221 1 222 1 44 1 44 1
356 22 21 43 49 8 51 8 22 8 25 8
357 17 14 31 28 10 26 10 18 9 16 9
358 18 45 63 81 5 80 5 38 5 42 5
359 47 458 505 426 5 587 5 262 4 323 4
360 19 20 39 53 8 35 8 23 8 23 8
361 5 3 8 6 3 6 3 5 3 5 3
362 46 298 344 195 7 333 7 224 6 233 6
363 35 233 268 174 5 230 5 192 5 326 4
364 15 65 80 55 2 48 3 39 3 40 3
365 5 8 13 11 1 10 1 5 1 5 1
366 45 909 954 849 2 895 2 810 2 798 2
367 28 213 241 151 3 162 3 113 3 120 3
368 35 287 322 136 3 139 3 163 4 231 4
369 8 28 36 10 1 10 1 8 1 8 1
370 39 59 98 71 17 129 14 99 14 140 13
371 11 2 13 18 9 17 9 8 9 8 9
372 31 116 147 154 5 146 5 136 5 151 5
373 20 28 48 65 5 69 5 44 5 43 5
374 40 651 691 322 2 318 2 321 2 322 2
375 19 169 188 32 1 32 1 28 1 26 1
376 18 16 34 30 9 32 9 22 10 20 10
377 4 6 10 5 1 5 1 4 1 3 1
378 7 18 25 15 1 14 1 7 1 6 1
379 46 159 205 319 10 317 10 300 9 209 9
380 20 179 199 34 1 33 1 30 1 28 1
381 27 142 169 68 4 91 4 87 4 107 4
382 11 48 59 22 1 22 1 12 1 12 1
383 11 55 66 14 1 14 1 12 1 12 1
384 3 3 6 3 1 3 1 3 1 3 1
385 8 8 16 9 4 12 3 8 3 6 3
386 3 0 3 6 3 5 3 3 3 3 3
387 20 41 61 25 6 31 6 32 6 34 6
388 31 147 178 76 5 87 5 142 4 130 5
389 8 19 27 12 2 11 2 13 2 12 2
390 49 229 278 385 10 404 7 272 9 349 9
391 48 103 151 355 14 305 14 185 12 240 12
392 24 137 161 70 3 75 3 42 3 50 3
393 50 696 746 511 3 610 3 575 3 479 3
394 37 453 490 290 2 342 2 299 2 301 2
395 41 530 571 382 3 576 3 496 3 551 3
396 7 11 18 11 2 10 2 8 2 8 2
397 50 561 611 538 5 684 4 383 4 510 4
398 46 168 214 198 8 243 8 253 9 407 8
399 6 8 14 11 1 11 1 6 1 5 1
400 45 903 948 428 1 544 1 111 1 113 1
401 39 301 340 200 4 255 4 219 5 467 4
402 20 176 196 34 1 33 1 29 1 28 1
403 47 672 719 562 3 572 3 542 3 605 3
404 6 9 15 10 2 10 2 7 2 12 2
405 9 0 9 13 9 12 9 7 9 6 9
406 12 50 62 39 1 38 1 14 1 13 1
407 48 5 53 63 43 61 43 32 43 32 43
408 34 517 551 135 1 135 1 70 1 71 1
409 17 107 124 92 2 61 2 40 2 40 2
410 45 656 701 452 3 613 3 396 3 575 3
411 2 0 2 4 2 4 2 2 2 3 2
412 7 6 13 9 3 7 3 7 3 6 3
413 18 87 105 101 2 63 2 37 2 42 2
414 16 12 28 34 8 31 8 21 8 20 8
415 26 263 289 109 2 109 2 96 2 95 2
416 10 10 20 10 5 14 4 15 4 13 4
417 49 346 395 287 6 359 6 453 6 584 6
418 28 225 253 148 3 189 3 125 2 151 2
419 49 848 897 679 3 1038 3 590 2 779 2
420 32 58 90 62 11 107 9 45 12 83 10
421 50 591 641 718 4 779 4 939 3 1405 3
422 4 4 8 6 1 5 1 3 1 4 1
423 32 423 455 307 2 318 2 245 2 244 2
424 30 126 156 196 5 233 5 76 6 120 6
425 32 194 226 102 5 222 4 134 3 146 3
426 13 46 59 33 2 32 2 40 2 30 2
427 44 368 412 368 5 475 5 294 5 389 5
428 28 76 104 133 7 156 7 90 7 102 7
429 42 547 589 439 3 554 3 408 3 611 3
430 39 542 581 234 2 281 2 148 2 150 2
431 36 432 468 407 3 460 3 417 2 404 2
432 49 831 880 644 3 656 3 515 2 658 2
433 29 172 201 88 4 108 4 97 4 119 4
434 39 280 319 187 6 264 4 201 5 235 5
435 46 375 421 584 6 401 6 185 4 207 4
436 29 283 312 259 2 327 2 128 2 128 2
437 49 1067 1116 313 1 315 1 129 1 128 1
438 10 30 40 19 2 18 2 16 2 16 2
439 39 425 464 410 3 571 3 348 3 605 3
440 36 418 454 305 3 357 3 163 3 257 3
441 43 348 391 314 5 455 5 188 4 219 4
442 28 189 217 158 4 270 3 97 3 114 3
443 26 141 167 129 4 137 4 126 4 130 4
444 37 502 539 160 2 161 2 158 2 159 2
445 9 5 14 10 6 15 5 8 5 8 5
446 33 514 547 83 1 84 1 68 1 68 1
447 40 712 752 574 2 574 2 526 2 525 2
448 47 342 389 484 6 483 5 256 5 431 5
449 46 102 148 256 15 303 13 141 14 214 14
450 28 90 118 139 6 133 7 75 5 70 5
451 37 642 679 254 1 254 1 84 1 83 1
452 3 0 3 5 3 5 3 3 3 3 3
453 16 74 90 53 2 48 2 26 2 25 2
454 7 17 24 17 1 16 1 7 1 6 1
455 42 39 81 117 20 98 19 74 19 78 19
456 30 279 309 120 3 142 3 108 3 132 3
457 47 234 281 352 7 461 7 341 8 347 8
458 46 959 1005 827 2 855 2 675 2 652 2
459 16 27 43 27 5 25 5 27 5 26 5
460 2 1 3 4 1 4 1 3 1 2 1
461 19 122 141 145 2 113 2 84 2 82 2
462 19 91 110 87 4 104 3 94 4 108 3
463 22 126 148 94 3 98 3 135 3 93 3
464 23 182 205 114 3 100 2 88 2 96 2
465 49 208 257 200 13 173 10 314 10 324 9
466 37 319 356 192 4 228 4 196 3 219 3
467 34 93 127 128 9 259 7 78 6 89 6
468 9 34 43 12 1 11 1 10 1 10 1
469 27 162 189 85 3 98 3 101 4 119 4
470 42 262 304 264 6 299 6 116 7 328 5
471 45 868 913 578 2 579 2 497 2 498 2
472 13 78 91 20 1 18 1 15 1 15 1
473 8 1 9 11 7 11 7 5 7 5 7
474 37 34 71 100 18 132 17 62 17 58 17
475 9 20 29 18 2 16 2 20 3 15 2
476 20 62 82 66 5 64 5 33 5 51 4
477 16 93 109 48 1 47 1 20 1 19 1
478 14 38 52 34 3 34 3 22 3 23 3
479 8 2 10 14 6 13 6 7 6 6 6
480 14 32 46 18 4 20 4 20 4 22 4
481 40 747 787 115 1 116 1 95 1 94 1
482 30 264 294 214 3 213 3 243 3 238 3
483 2 0 2 4 2 3 2 2 2 2 2
484 29 238 267 230 3 178 3 110 3 137 3
485 18 107 125 58 1 68 1 24 1 23 1
486 25 124 149 82 4 92 4 124 4 124 4
487 20 15 35 35 12 28 10 18 10 19 10
488 15 78 93 48 2 45 2 33 2 34 2
489 3 2 5 6 1 5 1 3 1 3 1
490 45 537 582 467 4 581 3 447 4 486 3
491 17 103 120 49 2 48 2 34 2 34 2
492 27 257 284 126 2 127 2 97 2 97 2
493 27 191 218 136 4 133 3 130 3 121 3
494 18 21 39 34 8 31 7 28 7 36 6
495 38 50 88 114 17 119 14 66 14 72 14
496 31 236 267 175 3 202 3 152 3 187 3
497 12 24 36 20 4 26 3 13 3 14 3
498 48 44 92 96 25 144 22 76 22 74 22
499 48 1041 1089 905 1 907 1 126 1 126 1
