nm t_B1 t_G1 t_B2 t_G2
5 8089 7678 3396 3177
6 8885 8616 3759 3677
7 9673 9449 4299 4092
8 15397 14913 7075 7025
9 18863 18466 9214 8616
10 20607 19778 10090 9590
11 20235 19739 10727 11420
12 19936 19470 10220 9840
13 21886 21442 11360 11129
14 20615 20235 11127 10651
15 23299 22421 13079 12257
16 23849 23590 13241 12970
17 25794 25233 14908 13708
18 25560 25463 14629 14365
19 26329 26171 14734 14523
20 28515 27751 15557 15053
21 29579 28907 16705 16311
22 32439 32205 18041 18212
23 33322 33142 19325 18865
24 34544 34123 19290 18943
25 35619 35168 20107 19931
26 37100 37189 21206 20985
27 37070 38036 21031 20950
28 38439 38488 22106 21976
29 41774 42657 24032 24019
30 42535 42862 24477 24048
31 43095 43372 24732 24564
32 43768 44982 26878 27218
33 47353 48254 28107 27754
34 47534 47754 28737 28210
35 49061 49228 29601 29780
36 48562 49393 30702 31298
37 49735 50547 31517 31796
38 53447 55245 33286 34133
39 53432 54627 34751 35462
40 57219 58667 37029 37750
41 55981 58053 38880 39898
42 58381 59298 41269 42722
43 63172 62526 43659 44027
44 66643 68661 45952 47683
45 69158 72201 46956 48955
46 69615 71700 48320 50092
47 70909 72267 49480 52287
48 67680 70366 50621 52555
49 67265 69886 50959 53867
50 66138 66235 49009 51107
51 65262 71835 50005 53120
52 68709 69682 49835 52469
53 64854 68383 48358 50948
54 68315 71861 50417 55224
55 66732 71427 50653 54854
56 68903 73284 52137 54703
57 69515 73648 56559 59138
58 68639 73679 53494 58146
59 70348 73524 53739 57897
60 73858 76499 54920 58844
61 72730 77589 56874 59987
62 70836 78891 54596 59844
63 70477 75785 56396 61036
64 71855 79027 56444 62968
65 71635 74623 58055 63214
66 76517 78353 58206 64195
67 75626 81351 61159 69286
68 80199 85924 63329 69162
69 79437 86336 65921 69696
70 81422 86066 60953 68113
71 79419 88163 60471 67533
72 78085 82209 65464 71089
73 82199 90043 68378 74464
74 83089 87657 67115 71283
75 80007 87079 66754 72626
76 79072 87859 65156 72021
77 79418 85401 65371 70084
78 76977 83988 59157 66652
79 77104 83973 61824 69906
80 80210 84180 64653 73894
81 80537 86153 62981 70454
82 76236 85901 63243 67269
83 78745 85404 61556 67425
84 79067 85375 62794 69103
85 82289 85443 62251 70481
86 78738 87397 60954 69265
87 76796 89625 65659 75827
88 81835 85329 68503 74254
89 82812 91389 64670 73718
90 79335 87396 67051 73949
91 82585 88094 63254 69186
92 80287 89616 66335 72242
93 79890 85671 61124 68602
94 83671 85074 63577 71007
95 83208 89141 62465 72290
96 85319 89261 66170 74043
97 81851 89726 69352 74256
98 80911 88389 64860 72400
99 82091 86565 66493 76044
100 84195 91669 66620 74338
101 83375 88436 63604 73098
102 82469 92443 65368 74659
103 82806 93750 69832 76927
104 88171 95840 72155 81023
105 90542 97962 70118 80283
106 90782 102971 74472 84871
107 94116 100148 74956 85035
108 91696 99933 71767 83710
109 90504 98273 70895 78858
110 91572 103403 75383 84572
111 93973 98786 73347 80918
112 90024 98941 73516 81617
113 92945 98990 74503 79235
114 93082 103980 73300 82773
115 96692 104827 78116 90202
116 90534 99528 71142 85201
117 98855 104688 76472 85698
118 92423 102037 72607 82893
119 93825 99105 74208 83382
120 87083 93967 69936 81285
121 91856 100114 73854 81105
122 91432 104550 76444 85727
123 92991 100522 72730 85419
124 95330 103569 70894 81683
125 90654 102600 74062 89533
126 91790 98393 72343 85370
127 96018 107137 73882 85518
128 94104 104549 75911 84657
129 96668 107769 72489 82575
130 97294 105574 75787 82256
131 92580 101555 72910 83501
132 93767 106086 75005 84865
133 97959 107594 78298 90534
134 99329 107715 78738 90183
135 98312 106989 80691 89449
136 98268 107114 78131 88987
137 103841 114128 81837 95305
138 105512 112569 82834 91958
139 101145 116503 78975 92829
140 106166 113263 83775 94298
141 109701 113707 83192 88317
142 104411 110859 86987 96029
143 104474 114900 87350 99050
144 109194 119371 90326 103965
145 118004 124534 91989 105162
146 110099 121121 81932 96558
147 110026 118160 83690 95897
148 106359 120214 82666 95562
149 102994 114380 85969 97844
150 107492 114276 81896 93151
151 109984 117693 85399 99806
152 102291 115526 82770 94744
153 105150 115334 82878 96481
154 115569 123099 93194 107761
155 115821 133783 87541 99806
156 114518 122746 90896 105293
157 115675 128906 88288 102535
158 116724 124765 88810 101713
159 111336 120954 87360 98630
160 117128 126151 86452 95308
161 108674 118084 83937 98568
162 108501 116680 86330 98022
163 116793 124473 87388 97209
164 112855 119959 93076 108484
165 113118 121634 88803 99426
166 119544 129826 94378 101782
167 108788 114995 90108 100586
168 119160 128717 86693 101309
169 120641 123846 97543 110707
170 119457 129274 88427 100668
171 125616 132601 98134 109602
172 130490 137210 99480 111603
173 136868 145011 105847 120877
174 137600 143541 106837 120349
175 144228 154660 109559 127330
176 143770 159098 109285 125953
177 149089 160662 115976 129118
178 142034 157024 106454 123415
179 144059 149878 114675 126912
180 145560 157826 111093 129248
181 138977 152189 115314 131775
182 145508 154162 105367 119384
183 143708 155768 115382 127535
184 148803 154118 104300 119209
185 134467 140824 105766 113916
186 131588 139376 89472 98849
187 130804 142328 100022 113281
188 140244 147964 100649 116073
189 140367 150892 100621 113460
190 136187 142805 99014 105308
191 148522 157017 111607 121128
192 144592 154587 107446 124062
193 147625 151664 106523 121793
194 145931 147952 112792 126152
195 144843 152883 112727 127687
196 145456 153228 105357 125954
197 135506 153386 107682 122396
198 147239 149795 107533 122122
199 139227 145885 104914 116208
200 137726 142144 100177 110556
201 131579 145343 96948 115536
202 136800 140728 103834 116946
203 134473 149717 102419 118002
204 133758 147018 107140 121899
205 140455 146055 109154 126358
206 142019 150664 103779 116806
207 134799 147975 103897 123103
208 137327 150637 103783 116910
209 137386 151823 106509 124748
210 142874 145890 101376 114223
211 151387 162949 119763 130750
212 154388 164119 113351 127848
213 155725 157797 112430 128235
214 153058 164138 120831 130227
215 148986 162431 109590 123690
216 163253 169615 120892 135138
217 156606 168413 126807 148249
218 177529 174446 125746 138280
219 171603 174370 130417 145425
220 169637 180062 125295 142657
221 165630 182790 130430 143080
222 174141 188362 128911 144891
223 184814 182675 133576 143790
224 173626 184182 137163 157655
225 166311 178193 128019 140312
226 154726 166478 119902 134458
227 166247 174616 123839 140809
228 165288 168762 120737 134989
229 168993 166175 123759 135452
230 154224 168987 116313 126208
231 140369 151486 111579 120077
232 158034 166248 110529 121470
233 156166 168434 108925 117244
234 155262 168726 112773 128230
235 147696 154046 117474 138387
236 146020 156820 107295 116706
237 146159 155719 116952 135734
238 150911 157589 112454 129017
239 148012 157291 108449 121045
240 146932 154598 116474 129373
241 148664 153499 105921 116118
242 152596 165864 116955 129748
243 146569 153364 105886 120797
244 154457 167992 125811 140041
245 162699 161097 108405 123544
246 146045 158570 111932 126547
247 161923 169751 117881 131611
248 160797 158197 112825 124383
249 159743 168842 115044 126185
250 158078 160340 111003 122988
251 149774 159024 107822 120505
252 154718 156732 105186 118540
253 151951 159448 112924 124550
254 159567 160567 114233 122843
255 163312 166899 115228 127728
256 157518 172815 120512 138109
257 175698 180908 132997 149934
258 168635 173289 111078 122657
259 170444 180449 126264 137894
260 169022 165897 117487 128565
261 165946 166856 113361 119590
262 167502 162908 120240 125169
263 164704 175124 111150 119824
264 164782 173905 126887 134179
265 161313 171962 120321 133980
266 164573 173617 115445 130997
267 175003 174525 123106 134520
268 165944 175145 127039 139861
269 172311 181869 121630 140357
270 168855 175975 126726 139370
271 189052 191727 147438 157247
272 184776 184183 138304 152261
273 185142 187351 127762 133035
274 181962 187677 126620 136157
275 186773 182556 123036 136812
276 201357 198763 133181 151902
277 178976 175049 127989 138398
278 207861 209801 142840 159042
279 204659 202210 132773 144807
280 188453 189038 133908 151793
281 191355 208172 132742 144378
282 172769 186564 118836 133575
283 182302 185168 124456 136431
284 175075 172174 124131 132367
285 183763 183318 128307 136283
286 184165 182345 118916 128604
287 188028 193637 131752 141227
288 185509 194951 134339 145266
289 174967 173726 127512 134854
290 170403 168741 120722 125768
291 164645 167914 120101 131633
292 160833 162450 116371 123506
293 164899 173067 116926 127200
294 180856 192398 147266 158166
295 193043 195904 135190 136466
296 187611 192434 126308 132586
297 195124 197393 134761 141683
298 192729 188694 118677 130766
299 189767 197424 132684 142188
300 171419 174080 117498 130178
301 193409 203969 116334 127739
302 211763 194570 140130 149891
303 184279 190908 122984 133200
304 195093 189014 127266 138718
305 199367 192996 137456 149038
306 192490 190872 132170 148138
307 201014 196856 123439 132753
308 197214 201021 136849 156871
309 195145 191951 147240 153238
310 192614 192091 120958 123562
311 178333 185030 128257 143632
312 189525 182239 127494 135986
313 193789 188935 126536 134593
314 187378 191100 119719 123847
315 166967 166386 108630 112715
316 180178 175661 122462 125396
317 181162 177361 137679 140779
318 158937 167870 113874 122831
319 175475 175625 112977 119602
320 171833 176416 119689 133016
321 160310 162233 118458 120217
322 175425 168646 111814 115135
323 182704 181156 121504 131645
324 172184 171465 125001 128107
325 218687 222777 153236 153678
326 231685 240625 173674 180593
327 241776 245498 151547 156974
328 229617 220472 150061 159825
329 239504 246240 159583 164633
330 236172 223601 162634 168254
331 273221 263650 170344 167802
332 270137 258917 168433 178042
333 235796 227302 151961 150807
334 238953 241183 155534 162149
335 225997 223095 156392 165822
336 232714 213300 141163 146087
337 196766 198006 141333 154338
338 200753 194890 136286 144118
339 208131 199425 138786 141910
340 197843 192613 128461 134290
341 184158 181197 122359 124830
342 185658 178118 118388 118333
343 191867 184093 124296 124639
344 170521 163825 115668 113343
345 175346 165724 120278 121566
346 185815 177419 123141 122381
347 178058 168373 108197 109082
348 182556 171089 122425 123495
349 171998 175313 115212 118941
350 178211 176281 126528 126645
351 164022 161855 115586 122739
352 193158 181794 117449 120083
353 194057 188858 128736 131274
354 192501 182858 136281 141205
355 210017 221636 144891 151038
356 200361 199877 131895 134166
357 193084 186380 142156 147117
358 184611 177344 118590 120524
359 201560 188571 121954 128060
360 180113 178386 122111 121865
361 193227 185813 122448 123642
362 218170 210828 150077 151886
363 191128 181789 118359 118452
364 183773 181306 125862 129728
365 205042 194086 124284 127607
366 192845 190009 125379 124469
367 208813 202176 150444 152790
368 193460 186869 123372 125414
369 192897 185956 137480 141566
370 190510 175079 129386 127711
371 202459 190240 121163 121810
372 181676 181584 110555 112383
373 198350 191572 109850 109822
374 203573 189884 124731 128089
375 188201 187891 119116 118774
376 168911 163787 109412 108086
377 173135 163344 118047 116260
378 170105 169332 119127 116783
379 219390 203505 150287 150790
380 218057 204787 137600 136915
381 204382 204142 144473 146425
382 203413 180464 116330 116770
383 223259 213635 144025 141423
384 223682 211968 140624 135008
385 199693 199184 133785 135880
386 205695 197940 138187 137262
387 208664 200015 135964 135378
388 231913 221604 137118 136337
389 243945 228687 152465 150238
390 210322 196520 128547 128127
391 213098 208951 125915 126183
392 197493 189175 132904 133129
393 206308 202943 150161 150914
394 185538 178756 112149 113261
395 175701 171152 121208 118370
396 181036 180719 130871 132072
397 198074 190129 116261 117602
398 169637 169910 109069 107821
399 188667 187796 109818 108915
400 203988 200252 119822 121016
401 241426 236577 141862 144103
402 212860 202553 105227 106283
403 188634 190397 115807 115982
404 177346 175765 115132 115198
405 190886 189034 113700 115366
406 191597 191510 126204 126206
407 225156 212298 135090 137500
408 248997 238500 133164 135852
409 200223 188838 113346 114014
410 211768 196528 121233 121853
411 179388 175764 97992 97796
412 236051 217184 120695 120853
413 202475 208455 105165 106870
414 226149 219117 142738 141987
415 152741 151633 76119 76679
416 186276 186833 101421 102271
417 195981 193707 99251 98842
418 183950 179833 90029 90859
419 157936 156668 79713 81442
420 185312 187922 83698 84105
421 209230 203976 93977 94437
422 170373 166741 81194 79789
423 181358 175773 72657 73650
424 189733 184895 86788 87528
425 135399 135076 57274 57404
426 156377 157230 86275 86344
427 141409 141770 68601 68423
428 189860 187303 99376 99616
429 210999 198370 94244 97361
430 171784 171356 97116 99998
431 180076 173171 97799 98108
432 170805 170797 96597 96456
433 159038 160608 72126 72733
434 132915 134721 62602 62992
435 128585 129664 58697 59089
436 207366 211150 93876 94726
437 171551 168479 59352 59447
438 201240 200866 58847 59511
439 157213 156464 59211 59486
440 160736 162095 59448 59694
441 130009 130268 59041 59966
442 124197 124054 58403 58741
443 106687 107732 58829 58962
444 160291 159982 59112 59640
445 125578 125977 59126 60203
446 141018 139852 57322 57798
447 109560 109644 59295 60822
448 129960 129668 61581 60023
449 161267 166174 76747 78343
450 145143 144586 73334 73812
451 148832 148619 68263 71109
452 120647 120755 63651 63397
453 90080 91107 59838 60111
454 97341 97278 60265 61360
455 93622 93766 60149 60854
456 89271 89559 59869 60404
457 108439 108983 58191 58366
458 80807 82845 59219 59695
459 98526 98645 65440 64067
460 97858 98894 62952 62876
461 92874 93162 60087 61158
462 89181 90664 63707 63551
463 85795 85233 60556 61278
464 75898 76137 59363 59656
465 77195 78144 60438 61415
