0 0.00000000
1 19557.00000000
2 5602.00000000
3 9128.00000000
4 11984.00000000
5 14365.00000000
6 11577.00000000
7 20163.00000000
8 15542.00000000
9 16784.00000000
10 29189.00000000
11 88165.00000000
12 24336.00000000
13 56437.00000000
14 35304.00000000
15 66284.00000000
16 72061.00000000
17 70975.00000000
18 73847.00000000
19 79602.00000000
20 91199.00000000
21 109310.00000000
22 90945.00000000
23 109663.00000000
24 130738.00000000
25 153755.00000000
26 148454.00000000
27 146072.00000000
28 152024.00000000
29 156195.00000000
30 154065.00000000
31 158560.00000000
32 145086.00000000
33 167456.00000000
34 155869.00000000
35 152793.00000000
36 151363.00000000
37 141198.00000000
38 150037.00000000
39 129662.00000000
40 162795.00000000
41 154949.00000000
42 131961.00000000
43 134271.00000000
44 185162.00000000
45 209621.00000000
46 222451.00000000
47 240925.00000000
48 238209.00000000
49 229304.00000000
50 237875.00000000
51 278041.00000000
52 263682.00000000
53 238937.00000000
54 203852.00000000
55 226124.00000000
56 158034.00000000
57 151278.00000000
58 241321.00000000
59 243449.00000000
60 285280.00000000
61 308621.00000000
62 324011.00000000
63 571798.00000000
64 370752.00000000
65 318524.00000000
66 405163.00000000
67 359420.00000000
68 255188.00000000
69 220394.00000000
70 218890.00000000
71 222571.00000000
72 253303.00000000
73 397276.00000000
74 396531.00000000
75 404942.00000000
76 435016.00000000
77 316118.00000000
78 267240.00000000
79 454591.00000000
80 465429.00000000
81 442639.00000000
82 362366.00000000
83 353626.00000000
84 368873.00000000
85 355691.00000000
86 357688.00000000
87 392461.00000000
88 436828.00000000
89 440796.00000000
90 437568.00000000
91 659624.00000000
92 472975.00000000
93 429941.00000000
94 443799.00000000
95 498746.00000000
96 441897.00000000
97 456430.00000000
98 491058.00000000
99 500172.00000000
100 497865.00000000
101 484610.00000000
102 485683.00000000
103 514097.00000000
104 517618.00000000
105 573776.00000000
106 564664.00000000
107 571496.00000000
108 585385.00000000
109 615051.00000000
110 609577.00000000
111 580957.00000000
112 618744.00000000
113 622907.00000000
114 599725.00000000
115 646083.00000000
116 626476.00000000
117 631711.00000000
118 1111409.00000000
119 1219220.00000000
120 1040453.00000000
121 1022338.00000000
122 1018886.00000000
123 1037722.00000000
124 734829.00000000
125 1346100.00000000
126 1394715.00000000
127 1743925.00000000
128 670732.00000000
129 759675.00000000
130 1115534.00000000
131 726471.00000000
132 718659.00000000
133 729063.00000000
134 734945.00000000
135 764045.00000000
136 765693.00000000
137 1204604.00000000
138 784591.00000000
139 876595.00000000
140 939117.00000000
141 901605.00000000
142 1237560.00000000
143 1531242.00000000
144 888948.00000000
145 1296838.00000000
146 1096151.00000000
147 973747.00000000
148 1021184.00000000
149 935410.00000000
150 957005.00000000
151 921781.00000000
152 930461.00000000
153 948958.00000000
154 1234280.00000000
155 1169214.00000000
156 1254871.00000000
157 1719796.00000000
158 997723.00000000
159 1082119.00000000
160 1246367.00000000
161 1191028.00000000
162 1043445.00000000
163 1170992.00000000
164 1251806.00000000
165 1062920.00000000
166 1114625.00000000
167 1245752.00000000
168 1148515.00000000
169 1156308.00000000
170 1223992.00000000
171 1301974.00000000
172 1357731.00000000
173 1248472.00000000
174 1228800.00000000
175 1322424.00000000
176 1236942.00000000
177 1254545.00000000
178 1569833.00000000
179 1234114.00000000
180 1655862.00000000
181 1205685.00000000
182 1219592.00000000
183 1384387.00000000
184 1449721.00000000
185 1376704.00000000
186 1520389.00000000
187 1479977.00000000
188 1305811.00000000
189 1466870.00000000
190 1319920.00000000
191 1360963.00000000
192 1592511.00000000
193 1513383.00000000
194 1514741.00000000
195 1540920.00000000
196 1778136.00000000
197 2363091.00000000
198 1819554.00000000
199 1841749.00000000
200 1456254.00000000
201 1616704.00000000
202 2399326.00000000
203 2596560.00000000
204 1837977.00000000
205 2430608.00000000
206 1715025.00000000
207 1859657.00000000
208 1729248.00000000
209 1759263.00000000
210 1744139.00000000
211 1825078.00000000
212 2444757.00000000
213 1686050.00000000
214 1681885.00000000
215 1687020.00000000
216 1696555.00000000
217 1722323.00000000
218 1728829.00000000
219 1749493.00000000
220 1758308.00000000
221 1822235.00000000
222 2052624.00000000
223 2025835.00000000
224 2022297.00000000
225 2004952.00000000
226 2063702.00000000
227 1959932.00000000
228 2050146.00000000
229 1937050.00000000
230 2112353.00000000
231 2705814.00000000
232 2272413.00000000
233 2049454.00000000
234 2091509.00000000
235 1982073.00000000
236 2156250.00000000
237 2306664.00000000
238 2224668.00000000
239 2963500.00000000
240 2084923.00000000
241 2069239.00000000
242 2110738.00000000
243 2815502.00000000
244 3233418.00000000
245 2319018.00000000
246 2489470.00000000
247 2336324.00000000
248 3160732.00000000
249 2547187.00000000
250 2458852.00000000
251 2319771.00000000
252 2807893.00000000
253 2713346.00000000
254 2476418.00000000
255 2431309.00000000
256 2328957.00000000
257 2380303.00000000
258 3314211.00000000
259 3098960.00000000
260 2748307.00000000
261 3536504.00000000
262 3013033.00000000
263 2773551.00000000
264 3308511.00000000
265 2800546.00000000
266 2554354.00000000
267 2789574.00000000
268 3512666.00000000
269 2875666.00000000
270 3865245.00000000
271 2607568.00000000
272 2951918.00000000
273 3243381.00000000
274 3683211.00000000
275 2790387.00000000
276 2884766.00000000
277 3227386.00000000
278 3097821.00000000
279 3058507.00000000
280 3244133.00000000
281 3535743.00000000
282 3669739.00000000
283 2852368.00000000
284 2844110.00000000
285 2898343.00000000
286 3619874.00000000
287 3471123.00000000
288 3699380.00000000
289 3063630.00000000
290 2967553.00000000
291 3114394.00000000
292 3440085.00000000
293 2999951.00000000
294 3508642.00000000
295 4224069.00000000
296 4155099.00000000
297 3236992.00000000
298 3109240.00000000
299 3375598.00000000
300 3138639.00000000
301 3166318.00000000
302 3535554.00000000
303 4080196.00000000
304 4083529.00000000
305 3263516.00000000
306 3332650.00000000
307 4066147.00000000
308 3317157.00000000
309 3368116.00000000
310 3883831.00000000
311 3823882.00000000
312 5199350.00000000
313 3445348.00000000
314 4981551.00000000
315 5205592.00000000
316 5061389.00000000
317 4752019.00000000
318 4886139.00000000
319 3558659.00000000
320 4355677.00000000
321 5096364.00000000
322 4583534.00000000
323 4263944.00000000
324 4374668.00000000
325 3755734.00000000
326 3692774.00000000
327 3922504.00000000
328 3798806.00000000
329 4348748.00000000
330 4813246.00000000
331 5662631.00000000
332 4014698.00000000
333 4116094.00000000
334 3864100.00000000
335 3928206.00000000
336 4629603.00000000
337 4516564.00000000
338 5069433.00000000
339 4314217.00000000
340 4535409.00000000
341 6148554.00000000
342 4607262.00000000
343 5123000.00000000
344 4168234.00000000
345 4149238.00000000
346 4153925.00000000
347 4440299.00000000
348 4677642.00000000
349 4750819.00000000
350 4361122.00000000
351 4786183.00000000
352 4679414.00000000
353 4472623.00000000
354 6670509.00000000
355 6351026.00000000
356 4430251.00000000
357 4418487.00000000
358 6025576.00000000
359 7454977.00000000
360 5376450.00000000
361 4696990.00000000
362 4593353.00000000
363 4681072.00000000
364 4984514.00000000
365 5751099.00000000
366 4837933.00000000
367 4758243.00000000
368 4913849.00000000
369 4737202.00000000
370 4784427.00000000
371 6446013.00000000
372 5168647.00000000
373 5328424.00000000
374 5053210.00000000
375 5780076.00000000
376 6257570.00000000
377 6123603.00000000
378 7301627.00000000
379 5381551.00000000
380 7233255.00000000
381 5049762.00000000
382 5084716.00000000
383 5120800.00000000
384 6217923.00000000
385 5963740.00000000
386 5322658.00000000
387 5576333.00000000
388 5185776.00000000
389 5457313.00000000
390 6057728.00000000
391 5360886.00000000
392 5362696.00000000
393 5402352.00000000
394 6284233.00000000
395 6320977.00000000
396 5485656.00000000
397 6186037.00000000
398 5759232.00000000
399 10054269.00000000
400 5571390.00000000
401 8544974.00000000
402 5809908.00000000
403 5670541.00000000
404 7416680.00000000
405 5743981.00000000
406 5685865.00000000
407 6357387.00000000
408 9130264.00000000
409 5795404.00000000
410 9630274.00000000
411 6623577.00000000
412 7962824.00000000
413 6174238.00000000
414 10386690.00000000
415 9732522.00000000
416 5995092.00000000
417 8524488.00000000
418 7444691.00000000
419 8058386.00000000
420 6150297.00000000
421 9011832.00000000
422 7882048.00000000
423 7735092.00000000
424 6240350.00000000
425 6933310.00000000
426 8235271.00000000
427 7578157.00000000
428 6646222.00000000
429 8099896.00000000
430 6995321.00000000
431 8967767.00000000
432 8423286.00000000
433 7181720.00000000
434 6740564.00000000
435 6588871.00000000
436 8653222.00000000
437 8354027.00000000
438 10564331.00000000
439 8125529.00000000
440 6991511.00000000
441 8824722.00000000
442 6784932.00000000
443 6989521.00000000
444 7505506.00000000
445 8907748.00000000
446 6905761.00000000
447 6872138.00000000
448 7473754.00000000
449 7937357.00000000
450 7027896.00000000
451 7312484.00000000
452 8992393.00000000
453 7252349.00000000
454 11027350.00000000
455 7316938.00000000
456 8021694.00000000
457 7662789.00000000
458 7209319.00000000
459 8938116.00000000
460 8984145.00000000
461 8323890.00000000
462 9319241.00000000
463 10403449.00000000
464 8675198.00000000
465 9293765.00000000
466 8245242.00000000
467 11659888.00000000
468 9583067.00000000
469 7537252.00000000
470 7530343.00000000
471 8354683.00000000
472 8743810.00000000
473 8755575.00000000
474 11806857.00000000
475 9645262.00000000
476 7774657.00000000
477 8479863.00000000
478 9976697.00000000
479 8867549.00000000
480 9024171.00000000
481 9868371.00000000
482 11649824.00000000
483 9264993.00000000
484 9734317.00000000
485 11594996.00000000
486 8493147.00000000
487 9780392.00000000
488 8726197.00000000
489 8456932.00000000
490 10630258.00000000
491 8290387.00000000
492 12722429.00000000
493 9538179.00000000
494 8515550.00000000
495 8326026.00000000
496 11548065.00000000
497 11488490.00000000
498 13829532.00000000
499 9256217.00000000
500 9585845.00000000
501 9976091.00000000
502 8708597.00000000
503 8720148.00000000
504 11265703.00000000
505 10310101.00000000
506 11943723.00000000
507 9308649.00000000
508 13590530.00000000
509 8925859.00000000
510 8887151.00000000
511 9210552.00000000
512 8914500.00000000
513 11094649.00000000
514 9652217.00000000
515 11245474.00000000
516 9300916.00000000
517 10267272.00000000
518 10700898.00000000
519 9718080.00000000
520 10899398.00000000
521 10237715.00000000
522 12315009.00000000
523 13334338.00000000
524 14101006.00000000
525 10049027.00000000
526 15296709.00000000
527 13424056.00000000
528 11311307.00000000
529 16278825.00000000
530 11511965.00000000
531 9938360.00000000
532 13601890.00000000
533 10273701.00000000
534 10358630.00000000
535 11203042.00000000
536 9907647.00000000
537 11548891.00000000
538 12931782.00000000
539 10346581.00000000
540 13496094.00000000
541 18220185.00000000
542 14085572.00000000
543 10044750.00000000
544 10134507.00000000
545 10183747.00000000
546 12667409.00000000
547 12332300.00000000
548 10443570.00000000
549 11650539.00000000
550 14984335.00000000
551 12846976.00000000
552 11911530.00000000
553 11418064.00000000
554 14923716.00000000
555 13418883.00000000
556 15427370.00000000
557 10627905.00000000
558 14298744.00000000
559 11793137.00000000
560 14083564.00000000
561 13803224.00000000
562 12870003.00000000
563 14137722.00000000
564 14472822.00000000
565 11666885.00000000
566 15829579.00000000
567 11823850.00000000
568 16356497.00000000
569 11690017.00000000
570 12420463.00000000
571 15288321.00000000
572 12515436.00000000
573 11533495.00000000
574 13071823.00000000
575 11271394.00000000
576 13339685.00000000
577 11610724.00000000
578 16973736.00000000
579 12188368.00000000
580 14525566.00000000
581 11593199.00000000
582 12537909.00000000
583 11651142.00000000
584 12102619.00000000
585 13430026.00000000
586 11995970.00000000
587 20944376.00000000
588 15748933.00000000
589 12748514.00000000
590 14126008.00000000
591 12749496.00000000
592 18144988.00000000
593 13908373.00000000
594 13517522.00000000
595 14918869.00000000
596 13996290.00000000
597 12386525.00000000
598 16079718.00000000
599 16427039.00000000
600 16498860.00000000
601 13779834.00000000
602 17831508.00000000
603 12426242.00000000
604 16403299.00000000
605 12751600.00000000
606 13734522.00000000
607 12498034.00000000
608 14093961.00000000
609 18899223.00000000
610 19694165.00000000
611 18731040.00000000
612 13062720.00000000
613 15548342.00000000
614 18058570.00000000
615 14199404.00000000
616 17739005.00000000
617 16417705.00000000
618 15346073.00000000
619 13571492.00000000
620 14482320.00000000
621 13266362.00000000
622 20043416.00000000
623 14340595.00000000
624 16823497.00000000
625 18105042.00000000
626 14853988.00000000
627 15639424.00000000
628 18850196.00000000
629 15094504.00000000
630 17795865.00000000
631 14175292.00000000
632 19256224.00000000
633 14056285.00000000
634 17629223.00000000
635 20804549.00000000
636 19277305.00000000
637 14208661.00000000
638 14756596.00000000
639 20933411.00000000
640 18054431.00000000
641 14817812.00000000
642 14504362.00000000
643 18326699.00000000
644 19793326.00000000
645 19830768.00000000
646 19071197.00000000
647 19284131.00000000
648 16052864.00000000
649 14710821.00000000
650 15181328.00000000
651 14898812.00000000
652 15660366.00000000
653 21359823.00000000
654 16838966.00000000
655 18605071.00000000
656 16127999.00000000
657 15040167.00000000
658 21839899.00000000
659 19197418.00000000
660 15885314.00000000
661 18485818.00000000
662 21088915.00000000
663 14936030.00000000
664 15741612.00000000
665 15320812.00000000
666 15881759.00000000
667 19821776.00000000
668 17475121.00000000
669 21335007.00000000
670 20595321.00000000
671 22509813.00000000
672 21272494.00000000
673 18333481.00000000
674 15892582.00000000
675 19439264.00000000
676 16453648.00000000
677 20781695.00000000
678 16642912.00000000
679 16952823.00000000
680 16445008.00000000
681 20209160.00000000
682 16338370.00000000
683 20001294.00000000
684 17835541.00000000
685 20779340.00000000
686 18726516.00000000
687 17405413.00000000
688 22416481.00000000
689 17034407.00000000
690 21991129.00000000
691 20924825.00000000
692 19525848.00000000
693 22623876.00000000
694 16798758.00000000
695 17621023.00000000
696 20464236.00000000
697 16935489.00000000
698 25787469.00000000
699 20146862.00000000
700 21102150.00000000
701 22189893.00000000
702 17017574.00000000
703 21170789.00000000
704 20158393.00000000
705 22416352.00000000
706 17554932.00000000
707 20252110.00000000
708 22205089.00000000
709 22257243.00000000
710 22606412.00000000
711 17905682.00000000
712 17479654.00000000
713 18372580.00000000
714 22880073.00000000
715 19144281.00000000
716 18588319.00000000
717 26153050.00000000
718 21591643.00000000
719 20772250.00000000
720 20537372.00000000
721 18728162.00000000
722 18396496.00000000
723 17992558.00000000
724 21619661.00000000
725 24053818.00000000
726 18784189.00000000
727 27232431.00000000
728 21170514.00000000
729 22535931.00000000
730 19210173.00000000
731 21276960.00000000
732 23301092.00000000
733 19068765.00000000
734 20415426.00000000
735 29167758.00000000
736 19424412.00000000
737 18979329.00000000
738 20451045.00000000
739 18926629.00000000
740 20510437.00000000
741 30092418.00000000
742 25757716.00000000
743 19592049.00000000
744 20891110.00000000
745 22964276.00000000
746 20656594.00000000
747 20640765.00000000
748 20303491.00000000
749 30342079.00000000
750 20331142.00000000
751 20539531.00000000
752 19728246.00000000
753 26439001.00000000
754 21495959.00000000
755 20613452.00000000
756 20249893.00000000
757 20794793.00000000
758 22305422.00000000
759 22304453.00000000
760 24106856.00000000
761 27021972.00000000
762 20841630.00000000
763 21539422.00000000
764 22722854.00000000
765 24730254.00000000
766 22689665.00000000
767 22100240.00000000
768 21055155.00000000
769 26159541.00000000
770 22493440.00000000
771 23011329.00000000
772 21899423.00000000
773 26378817.00000000
774 21341677.00000000
775 23076835.00000000
776 28495057.00000000
777 27432060.00000000
778 26388918.00000000
779 23662748.00000000
780 27725115.00000000
781 23018228.00000000
782 24184898.00000000
783 24754198.00000000
784 24818742.00000000
785 24420498.00000000
786 23863789.00000000
787 29872104.00000000
788 30687228.00000000
789 27801285.00000000
790 22924017.00000000
791 24675989.00000000
792 22406837.00000000
793 23811952.00000000
794 24881126.00000000
795 23085205.00000000
796 26097480.00000000
797 25917921.00000000
798 23046846.00000000
799 24867148.00000000
800 30981688.00000000
801 25612136.00000000
802 26608311.00000000
803 62477370.00000000
804 34598761.00000000
805 26129694.00000000
806 26200815.00000000
807 25180880.00000000
808 29870671.00000000
809 26011913.00000000
810 26530741.00000000
811 29132529.00000000
812 34476803.00000000
813 25708053.00000000
814 25738608.00000000
815 33019440.00000000
816 25869872.00000000
817 28726175.00000000
818 25087329.00000000
819 24902743.00000000
820 26562811.00000000
821 27306026.00000000
822 24793369.00000000
823 29132915.00000000
824 27412023.00000000
825 27558675.00000000
826 27522205.00000000
827 30778826.00000000
828 30563532.00000000
829 26815101.00000000
830 26946143.00000000
831 28694725.00000000
832 30063145.00000000
833 31907745.00000000
834 28656096.00000000
835 29498297.00000000
836 25017807.00000000
837 27015734.00000000
838 28072597.00000000
839 30460177.00000000
840 27223867.00000000
841 30396954.00000000
842 31480457.00000000
843 29373483.00000000
844 28389317.00000000
845 31943748.00000000
846 27173814.00000000
847 27079445.00000000
848 29492908.00000000
849 27306716.00000000
850 27550017.00000000
851 26900757.00000000
852 30662540.00000000
853 27973896.00000000
854 28455565.00000000
855 29639755.00000000
856 31527009.00000000
857 26911732.00000000
858 38836163.00000000
859 38458812.00000000
860 28584643.00000000
861 32050813.00000000
862 37292783.00000000
863 30221825.00000000
864 32969454.00000000
865 40312102.00000000
866 31444386.00000000
867 30367012.00000000
868 33644643.00000000
869 27343992.00000000
870 32847920.00000000
871 33987906.00000000
872 29969620.00000000
873 28593193.00000000
874 30568006.00000000
875 30459515.00000000
876 34404804.00000000
877 29515978.00000000
878 37147003.00000000
879 32877077.00000000
880 29219500.00000000
881 34487765.00000000
882 31683893.00000000
883 30177239.00000000
884 34959593.00000000
885 37415649.00000000
886 31249626.00000000
887 30329910.00000000
888 32759194.00000000
889 33787041.00000000
890 35518024.00000000
891 28049205.00000000
892 29526854.00000000
893 31832630.00000000
894 32536722.00000000
895 32427253.00000000
896 34459781.00000000
897 31326417.00000000
898 33242044.00000000
899 33815768.00000000
900 29576057.00000000
901 29713719.00000000
902 31814360.00000000
903 33436466.00000000
904 37020433.00000000
905 31703287.00000000
906 31872321.00000000
907 33719945.00000000
908 34923081.00000000
909 32350974.00000000
910 34313563.00000000
911 35629081.00000000
912 42463124.00000000
913 40575450.00000000
914 35579278.00000000
915 35962435.00000000
916 34271588.00000000
917 35419542.00000000
918 35737622.00000000
919 32859483.00000000
920 33338349.00000000
921 41752731.00000000
922 36508771.00000000
923 34557226.00000000
924 36446916.00000000
925 33054133.00000000
926 39292640.00000000
927 34731868.00000000
928 33791389.00000000
929 32293002.00000000
930 36064489.00000000
931 34305385.00000000
932 32010759.00000000
933 42084886.00000000
934 35678446.00000000
935 38802177.00000000
936 39221191.00000000
937 48147564.00000000
938 33787910.00000000
939 33474241.00000000
940 33536171.00000000
941 39423195.00000000
942 35358211.00000000
943 46573846.00000000
944 38664686.00000000
945 36762449.00000000
946 33406503.00000000
947 39919073.00000000
948 37311284.00000000
949 35196378.00000000
950 41750716.00000000
951 39129544.00000000
952 41536734.00000000
953 42877956.00000000
954 40365061.00000000
955 33034307.00000000
956 34928234.00000000
957 48632493.00000000
958 38289882.00000000
959 35603408.00000000
960 36816646.00000000
961 35763878.00000000
962 35961595.00000000
963 36882713.00000000
964 36304480.00000000
965 40760864.00000000
966 39519676.00000000
967 34847200.00000000
968 35005251.00000000
969 44233153.00000000
970 36295280.00000000
971 36980959.00000000
972 39143198.00000000
973 35596574.00000000
974 35611851.00000000
975 39366707.00000000
976 37043683.00000000
977 37590155.00000000
978 38278643.00000000
979 43109007.00000000
980 41753937.00000000
981 37549011.00000000
982 39391112.00000000
983 45239903.00000000
984 36000279.00000000
985 43702767.00000000
986 40825343.00000000
987 38862643.00000000
988 36831350.00000000
989 44397040.00000000
990 39102722.00000000
991 40118814.00000000
992 46471583.00000000
993 41389046.00000000
994 43743891.00000000
995 38823308.00000000
996 37960325.00000000
997 39036157.00000000
998 40876628.00000000
999 40732820.00000000
1000 39103079.00000000
