0 0.00000000  0
1 18562.00000000  0
2 5099.00000000  1
3 6469.00000000  3
4 7298.00000000  6
5 8584.00000000  10
6 10450.00000000  15
7 16410.00000000  21
8 12776.00000000  28
9 14053.00000000  36
10 16035.00000000  45
11 18277.00000000  55
12 20205.00000000  66
13 21478.00000000  78
14 24203.00000000  91
15 29072.00000000  105
16 30147.00000000  120
17 33917.00000000  136
18 37490.00000000  153
19 40112.00000000  171
20 42223.00000000  190
21 49573.00000000  210
22 47445.00000000  231
23 49162.00000000  253
24 51803.00000000  276
25 55385.00000000  300
26 64598.00000000  325
27 69291.00000000  351
28 68360.00000000  378
29 75952.00000000  406
30 73277.00000000  435
31 87216.00000000  465
32 81328.00000000  496
33 141035.00000000  528
34 145618.00000000  561
35 153850.00000000  595
36 225110.00000000  630
37 298090.00000000  666
38 130198.00000000  703
39 141470.00000000  741
40 152410.00000000  780
41 139689.00000000  820
42 140026.00000000  861
43 153847.00000000  903
44 122409.00000000  946
45 147172.00000000  990
46 148966.00000000  1035
47 140706.00000000  1081
48 235863.00000000  1128
49 224074.00000000  1176
50 199564.00000000  1225
51 223491.00000000  1275
52 232109.00000000  1326
53 206809.00000000  1378
54 209697.00000000  1431
55 184040.00000000  1485
56 122066.00000000  1540
57 128234.00000000  1596
58 125003.00000000  1653
59 218166.00000000  1711
60 216939.00000000  1770
61 212106.00000000  1830
62 241795.00000000  1891
63 240420.00000000  1953
64 244311.00000000  2016
65 304967.00000000  2080
66 297028.00000000  2145
67 280225.00000000  2211
68 281963.00000000  2278
69 316120.00000000  2346
70 454464.00000000  2415
71 396052.00000000  2485
72 311887.00000000  2556
73 315733.00000000  2628
74 317740.00000000  2701
75 343514.00000000  2775
76 335061.00000000  2850
77 349363.00000000  2926
78 422120.00000000  3003
79 430786.00000000  3081
80 371518.00000000  3160
81 452566.00000000  3240
82 536066.00000000  3321
83 249931.00000000  3403
84 256157.00000000  3486
85 248229.00000000  3570
86 252520.00000000  3655
87 255866.00000000  3741
88 277863.00000000  3828
89 310341.00000000  3916
90 678405.00000000  4005
91 570983.00000000  4095
92 372565.00000000  4186
93 353124.00000000  4278
94 356133.00000000  4371
95 375186.00000000  4465
96 629545.00000000  4560
97 386888.00000000  4656
98 459012.00000000  4753
99 598542.00000000  4851
100 655103.00000000  4950
101 780877.00000000  5050
102 356134.00000000  5151
103 402505.00000000  5253
104 450853.00000000  5356
105 556524.00000000  5460
106 470145.00000000  5565
107 501710.00000000  5671
108 652758.00000000  5778
109 681457.00000000  5886
110 416777.00000000  5995
111 474334.00000000  6105
112 440040.00000000  6216
113 554433.00000000  6328
114 669940.00000000  6441
115 831029.00000000  6555
116 451284.00000000  6670
117 588046.00000000  6786
118 639484.00000000  6903
119 788802.00000000  7021
120 945834.00000000  7140
121 505032.00000000  7260
122 481565.00000000  7381
123 589795.00000000  7503
124 495905.00000000  7626
125 501939.00000000  7750
126 509474.00000000  7875
127 513396.00000000  8001
128 524390.00000000  8128
129 540835.00000000  8256
130 986963.00000000  8385
131 913628.00000000  8515
132 571394.00000000  8646
133 565794.00000000  8778
134 620534.00000000  8911
135 588905.00000000  9045
136 1062331.00000000  9180
137 603035.00000000  9316
138 601912.00000000  9453
139 646453.00000000  9591
140 869150.00000000  9730
141 1258100.00000000  9870
142 631837.00000000  10011
143 840387.00000000  10153
144 749817.00000000  10296
145 862443.00000000  10440
146 756916.00000000  10585
147 852673.00000000  10731
148 1049184.00000000  10878
149 744490.00000000  11026
150 898676.00000000  11175
151 719966.00000000  11325
152 728545.00000000  11476
153 733527.00000000  11628
154 741677.00000000  11781
155 752988.00000000  11935
156 938898.00000000  12090
157 918656.00000000  12246
158 808304.00000000  12403
159 1017625.00000000  12561
160 892453.00000000  12720
161 767088.00000000  12880
162 773885.00000000  13041
163 997272.00000000  13203
164 1462390.00000000  13366
165 879208.00000000  13530
166 979375.00000000  13695
167 1180985.00000000  13861
168 979634.00000000  14028
169 855935.00000000  14196
170 854008.00000000  14365
171 870623.00000000  14535
172 1001484.00000000  14706
173 971940.00000000  14878
174 942050.00000000  15051
175 956187.00000000  15225
176 956512.00000000  15400
177 970846.00000000  15576
178 1589748.00000000  15753
179 1153016.00000000  15931
180 1291650.00000000  16110
181 1018141.00000000  16290
182 953422.00000000  16471
183 1014790.00000000  16653
184 996312.00000000  16836
185 980278.00000000  17020
186 1177668.00000000  17205
187 1140754.00000000  17391
188 1616407.00000000  17578
189 1257510.00000000  17766
190 1555692.00000000  17955
191 1959180.00000000  18145
192 1154234.00000000  18336
193 1158883.00000000  18528
194 1156615.00000000  18721
195 1496206.00000000  18915
196 1157540.00000000  19110
197 1133934.00000000  19306
198 1342544.00000000  19503
199 1357639.00000000  19701
200 1339134.00000000  19900
201 1225158.00000000  20100
202 1248830.00000000  20301
203 1419348.00000000  20503
204 1427427.00000000  20706
205 1366992.00000000  20910
206 1459602.00000000  21115
207 1411588.00000000  21321
208 1391422.00000000  21528
209 1344112.00000000  21736
210 1351826.00000000  21945
211 2390550.00000000  22155
212 1288304.00000000  22366
213 1303530.00000000  22578
214 1614352.00000000  22791
215 1386203.00000000  23005
216 1936033.00000000  23220
217 1743809.00000000  23436
218 1331524.00000000  23653
219 1598770.00000000  23871
220 1359174.00000000  24090
221 1625403.00000000  24310
222 1613672.00000000  24531
223 1516099.00000000  24753
224 1548020.00000000  24976
225 1538719.00000000  25200
226 1490053.00000000  25425
227 1493498.00000000  25651
228 1454572.00000000  25878
229 1525889.00000000  26106
230 1802100.00000000  26335
231 1587115.00000000  26565
232 1495019.00000000  26796
233 1575709.00000000  27028
234 1721976.00000000  27261
235 2090731.00000000  27495
236 1774920.00000000  27730
237 1743160.00000000  27966
238 1690867.00000000  28203
239 1592746.00000000  28441
240 1606559.00000000  28680
241 1619638.00000000  28920
242 1617586.00000000  29161
243 1637275.00000000  29403
244 1640439.00000000  29646
245 1653991.00000000  29890
246 1834197.00000000  30135
247 2826430.00000000  30381
248 1934282.00000000  30628
249 2762695.00000000  30876
250 1998462.00000000  31125
251 1873292.00000000  31375
252 2066431.00000000  31626
253 2200729.00000000  31878
254 1889413.00000000  32131
255 2114707.00000000  32385
256 2010911.00000000  32640
257 2342391.00000000  32896
258 2240288.00000000  33153
259 2040448.00000000  33411
260 2461247.00000000  33670
261 2240251.00000000  33930
262 2187107.00000000  34191
263 2033903.00000000  34453
264 1910376.00000000  34716
265 2691239.00000000  34980
266 2397756.00000000  35245
267 2317901.00000000  35511
268 2430619.00000000  35778
269 2212779.00000000  36046
270 2075201.00000000  36315
271 2506601.00000000  36585
272 2176036.00000000  36856
273 2216107.00000000  37128
274 2362872.00000000  37401
275 2379766.00000000  37675
276 2306066.00000000  37950
277 2513822.00000000  38226
278 2142592.00000000  38503
279 2264463.00000000  38781
280 2806377.00000000  39060
281 2962309.00000000  39340
282 2189419.00000000  39621
283 2563309.00000000  39903
284 2501718.00000000  40186
285 3009803.00000000  40470
286 2671229.00000000  40755
287 2252613.00000000  41041
288 3003205.00000000  41328
289 2680061.00000000  41616
290 2339094.00000000  41905
291 3397611.00000000  42195
292 2575727.00000000  42486
293 3314702.00000000  42778
294 2450027.00000000  43071
295 2360149.00000000  43365
296 2566252.00000000  43660
297 2404398.00000000  43956
298 2519040.00000000  44253
299 2990113.00000000  44551
300 2807196.00000000  44850
301 2486353.00000000  45150
302 2474150.00000000  45451
303 2847543.00000000  45753
304 2739908.00000000  46056
305 2578168.00000000  46360
306 3401607.00000000  46665
307 2828574.00000000  46971
308 4118755.00000000  47278
309 2599331.00000000  47586
310 2857173.00000000  47895
311 3656761.00000000  48205
312 4426608.00000000  48516
313 4160333.00000000  48828
314 2931098.00000000  49141
315 5090590.00000000  49455
316 2809277.00000000  49770
317 2788096.00000000  50086
318 3759177.00000000  50403
319 3104733.00000000  50721
320 3104093.00000000  51040
321 2776795.00000000  51360
322 2888204.00000000  51681
323 2804880.00000000  52003
324 3029133.00000000  52326
325 3018474.00000000  52650
326 3701409.00000000  52975
327 3897396.00000000  53301
328 3433660.00000000  53628
329 2973021.00000000  53956
330 2954221.00000000  54285
331 3731555.00000000  54615
332 3424236.00000000  54946
333 3394567.00000000  55278
334 2982333.00000000  55611
335 6015644.00000000  55945
336 3740427.00000000  56280
337 3437995.00000000  56616
338 3794944.00000000  56953
339 3629113.00000000  57291
340 3852352.00000000  57630
341 3170722.00000000  57970
342 3257016.00000000  58311
343 3453985.00000000  58653
344 4279803.00000000  58996
345 3207068.00000000  59340
346 3272818.00000000  59685
347 3417815.00000000  60031
348 3817389.00000000  60378
349 3637429.00000000  60726
350 6126486.00000000  61075
351 3917450.00000000  61425
352 4382290.00000000  61776
353 3652155.00000000  62128
354 3852904.00000000  62481
355 4579385.00000000  62835
356 3420130.00000000  63190
357 4236452.00000000  63546
358 3501659.00000000  63903
359 4950934.00000000  64261
360 4264392.00000000  64620
361 3545476.00000000  64980
362 4524280.00000000  65341
363 3681068.00000000  65703
364 4426092.00000000  66066
365 3971166.00000000  66430
366 3927048.00000000  66795
367 3819547.00000000  67161
368 6155612.00000000  67528
369 4632733.00000000  67896
370 4728613.00000000  68265
371 3908901.00000000  68635
372 3727902.00000000  69006
373 3693160.00000000  69378
374 5846198.00000000  69751
375 5281318.00000000  70125
376 3762186.00000000  70500
377 5384496.00000000  70876
378 4753610.00000000  71253
379 4892043.00000000  71631
380 4413372.00000000  72010
381 3883884.00000000  72390
382 3880895.00000000  72771
383 5623832.00000000  73153
384 5180977.00000000  73536
385 3948420.00000000  73920
386 7176988.00000000  74305
387 4807527.00000000  74691
388 5357209.00000000  75078
389 4639850.00000000  75466
390 4055845.00000000  75855
391 4145501.00000000  76245
392 4090094.00000000  76636
393 4161416.00000000  77028
394 4214748.00000000  77421
395 4432810.00000000  77815
396 4975962.00000000  78210
397 7465977.00000000  78606
398 4479776.00000000  79003
399 4462768.00000000  79401
400 6599119.00000000  79800
401 4318753.00000000  80200
402 4571844.00000000  80601
403 4694874.00000000  81003
404 7023396.00000000  81406
405 4975126.00000000  81810
406 4702631.00000000  82215
407 4720698.00000000  82621
408 5971363.00000000  83028
409 4393125.00000000  83436
410 4687199.00000000  83845
411 4500970.00000000  84255
412 4708208.00000000  84666
413 5094112.00000000  85078
414 4941543.00000000  85491
415 4796615.00000000  85905
416 5567203.00000000  86320
417 5383132.00000000  86736
418 6718603.00000000  87153
419 6705011.00000000  87571
420 6452233.00000000  87990
421 8252304.00000000  88410
422 6533602.00000000  88831
423 6427080.00000000  89253
424 4705937.00000000  89676
425 6196855.00000000  90100
426 4936480.00000000  90525
427 4997588.00000000  90951
428 5017382.00000000  91378
429 4893906.00000000  91806
430 4911459.00000000  92235
431 4979750.00000000  92665
432 4960531.00000000  93096
433 5727431.00000000  93528
434 7611212.00000000  93961
435 6768846.00000000  94395
436 6262454.00000000  94830
437 6626236.00000000  95266
438 6863645.00000000  95703
439 5097271.00000000  96141
440 8284410.00000000  96580
441 5244896.00000000  97020
442 5238062.00000000  97461
443 5625029.00000000  97903
444 5625236.00000000  98346
445 7227151.00000000  98790
446 7643790.00000000  99235
447 6697566.00000000  99681
448 6081419.00000000  100128
449 5375502.00000000  100576
450 6612128.00000000  101025
451 6853992.00000000  101475
452 5506254.00000000  101926
453 5950197.00000000  102378
454 6780535.00000000  102831
455 6119120.00000000  103285
456 5507851.00000000  103740
457 6499217.00000000  104196
458 5820041.00000000  104653
459 7339998.00000000  105111
460 6809205.00000000  105570
461 7549164.00000000  106030
462 5683649.00000000  106491
463 9278989.00000000  106953
464 5819020.00000000  107416
465 6330210.00000000  107880
466 5783500.00000000  108345
467 6388369.00000000  108811
468 6301911.00000000  109278
469 5799872.00000000  109746
470 5904118.00000000  110215
471 8828668.00000000  110685
472 8320494.00000000  111156
473 10048010.00000000  111628
474 7003111.00000000  112101
475 5999160.00000000  112575
476 6574527.00000000  113050
477 7611701.00000000  113526
478 6050949.00000000  114003
479 6017789.00000000  114481
480 6088941.00000000  114960
481 6082123.00000000  115440
482 6487456.00000000  115921
483 6854595.00000000  116403
484 11335379.00000000  116886
485 6992638.00000000  117370
486 7646600.00000000  117855
487 8328704.00000000  118341
488 6248041.00000000  118828
489 6584830.00000000  119316
490 6471183.00000000  119805
491 7116132.00000000  120295
492 6377425.00000000  120786
493 7224095.00000000  121278
494 7691907.00000000  121771
495 6447226.00000000  122265
496 8968255.00000000  122760
497 6528778.00000000  123256
498 7910990.00000000  123753
499 8067348.00000000  124251
500 8418264.00000000  124750
501 10702120.00000000  125250
502 6602231.00000000  125751
503 7359988.00000000  126253
504 7827899.00000000  126756
505 6742279.00000000  127260
506 6987409.00000000  127765
507 8154463.00000000  128271
508 7616071.00000000  128778
509 10383995.00000000  129286
510 6876511.00000000  129795
511 6930232.00000000  130305
512 7678077.00000000  130816
513 7306114.00000000  131328
514 8034775.00000000  131841
515 8430703.00000000  132355
516 8075223.00000000  132870
517 8468708.00000000  133386
518 8711430.00000000  133903
519 8229393.00000000  134421
520 10974845.00000000  134940
521 9507740.00000000  135460
522 7316770.00000000  135981
523 9030103.00000000  136503
524 7701224.00000000  137026
525 7257012.00000000  137550
526 8745923.00000000  138075
527 12777468.00000000  138601
528 8907729.00000000  139128
529 10372870.00000000  139656
530 8255565.00000000  140185
531 9057384.00000000  140715
532 11677557.00000000  141246
533 11346276.00000000  141778
534 11792246.00000000  142311
535 9593662.00000000  142845
536 12125100.00000000  143380
537 7895999.00000000  143916
538 8626557.00000000  144453
539 7617974.00000000  144991
540 12222375.00000000  145530
541 8631923.00000000  146070
542 7837779.00000000  146611
543 9314016.00000000  147153
544 15542606.00000000  147696
545 8425300.00000000  148240
546 8737873.00000000  148785
547 11401908.00000000  149331
548 8519299.00000000  149878
549 9501123.00000000  150426
550 11384025.00000000  150975
551 11014204.00000000  151525
552 9276331.00000000  152076
553 9961062.00000000  152628
554 11225462.00000000  153181
555 8075695.00000000  153735
556 9068585.00000000  154290
557 9477224.00000000  154846
558 9272851.00000000  155403
559 10629827.00000000  155961
560 8910590.00000000  156520
561 9506309.00000000  157080
562 8268169.00000000  157641
563 9912045.00000000  158203
564 12389496.00000000  158766
565 10812779.00000000  159330
566 8383520.00000000  159895
567 9567930.00000000  160461
568 11171011.00000000  161028
569 11844168.00000000  161596
570 8606662.00000000  162165
571 9715252.00000000  162735
572 14339317.00000000  163306
573 9525643.00000000  163878
574 15615294.00000000  164451
575 8800942.00000000  165025
576 14996913.00000000  165600
577 14298049.00000000  166176
578 9585469.00000000  166753
579 9079471.00000000  167331
580 9700627.00000000  167910
581 13094080.00000000  168490
582 9226996.00000000  169071
583 9133574.00000000  169653
584 11291491.00000000  170236
585 12144285.00000000  170820
586 12397361.00000000  171405
587 13720466.00000000  171991
588 11816116.00000000  172578
589 14344013.00000000  173166
590 14427810.00000000  173755
591 15384897.00000000  174345
592 9209185.00000000  174936
593 11600235.00000000  175528
594 9751099.00000000  176121
595 13241069.00000000  176715
596 10940390.00000000  177310
597 9954024.00000000  177906
598 14033505.00000000  178503
599 13535001.00000000  179101
600 10301283.00000000  179700
601 11147356.00000000  180300
602 10802832.00000000  180901
603 9571506.00000000  181503
604 10567128.00000000  182106
605 15008616.00000000  182710
606 10536784.00000000  183315
607 14779881.00000000  183921
608 15553906.00000000  184528
609 11271056.00000000  185136
610 12879361.00000000  185745
611 11067976.00000000  186355
612 17031776.00000000  186966
613 17477790.00000000  187578
614 11316727.00000000  188191
615 17148180.00000000  188805
616 14961363.00000000  189420
617 10213957.00000000  190036
618 12077147.00000000  190653
619 12544915.00000000  191271
620 11425506.00000000  191890
621 12165670.00000000  192510
622 12128417.00000000  193131
623 11669747.00000000  193753
624 11567850.00000000  194376
625 10908494.00000000  195000
626 10853378.00000000  195625
627 11593305.00000000  196251
628 10822961.00000000  196878
629 10601745.00000000  197506
630 12000208.00000000  198135
631 11688858.00000000  198765
632 14219185.00000000  199396
633 11868701.00000000  200028
634 11717710.00000000  200661
635 16506092.00000000  201295
636 16944978.00000000  201930
637 15502642.00000000  202566
638 11877200.00000000  203203
639 14669013.00000000  203841
640 14621826.00000000  204480
641 13222098.00000000  205120
642 17107050.00000000  205761
643 15878487.00000000  206403
644 10776772.00000000  207046
645 12128400.00000000  207690
646 16461437.00000000  208335
647 16972338.00000000  208981
648 11259922.00000000  209628
649 11943236.00000000  210276
650 13124605.00000000  210925
651 18079894.00000000  211575
652 12519428.00000000  212226
653 16798250.00000000  212878
654 11742993.00000000  213531
655 16391970.00000000  214185
656 17016920.00000000  214840
657 11700216.00000000  215496
658 11424714.00000000  216153
659 12821960.00000000  216811
660 17587217.00000000  217470
661 14137186.00000000  218130
662 18427447.00000000  218791
663 15798223.00000000  219453
664 15690559.00000000  220116
665 14384582.00000000  220780
666 17135034.00000000  221445
667 11846102.00000000  222111
668 15859447.00000000  222778
669 15647547.00000000  223446
670 17164456.00000000  224115
671 15358136.00000000  224785
672 21270871.00000000  225456
673 12076651.00000000  226128
674 12881188.00000000  226801
675 15312012.00000000  227475
676 18948028.00000000  228150
677 20577842.00000000  228826
678 16018355.00000000  229503
679 14199702.00000000  230181
680 16063104.00000000  230860
681 12155039.00000000  231540
682 12307329.00000000  232221
683 18366022.00000000  232903
684 17343478.00000000  233586
685 15513113.00000000  234270
686 14108657.00000000  234955
687 13834942.00000000  235641
688 15755873.00000000  236328
689 12906265.00000000  237016
690 12866949.00000000  237705
691 14498140.00000000  238395
692 17650861.00000000  239086
693 18475864.00000000  239778
694 18681252.00000000  240471
695 15479359.00000000  241165
696 14046770.00000000  241860
697 14894125.00000000  242556
698 15404595.00000000  243253
699 13020039.00000000  243951
700 14838331.00000000  244650
701 14145856.00000000  245350
702 16800285.00000000  246051
703 12979708.00000000  246753
704 16777436.00000000  247456
705 15925454.00000000  248160
706 22458982.00000000  248865
707 13142394.00000000  249571
708 13300843.00000000  250278
709 16249836.00000000  250986
710 13935336.00000000  251695
711 17996711.00000000  252405
712 16195041.00000000  253116
713 16298097.00000000  253828
714 13643231.00000000  254541
715 14467959.00000000  255255
716 14364335.00000000  255970
717 13645812.00000000  256686
718 18073185.00000000  257403
719 13827851.00000000  258121
720 16692071.00000000  258840
721 19933282.00000000  259560
722 15283729.00000000  260281
723 14030992.00000000  261003
724 18690400.00000000  261726
725 16940712.00000000  262450
726 14343274.00000000  263175
727 14507538.00000000  263901
728 22901672.00000000  264628
729 15740863.00000000  265356
730 22524422.00000000  266085
731 14990102.00000000  266815
732 17682725.00000000  267546
733 14841884.00000000  268278
734 15853341.00000000  269011
735 14206369.00000000  269745
736 25481653.00000000  270480
737 15190697.00000000  271216
738 16428365.00000000  271953
739 14793544.00000000  272691
740 16977255.00000000  273430
741 18135670.00000000  274170
742 19169775.00000000  274911
743 15626180.00000000  275653
744 21583039.00000000  276396
745 17346268.00000000  277140
746 17122021.00000000  277885
747 18888763.00000000  278631
748 16399132.00000000  279378
749 14824936.00000000  280126
750 24357961.00000000  280875
751 20868318.00000000  281625
752 18527678.00000000  282376
753 16050669.00000000  283128
754 27347286.00000000  283881
755 24255747.00000000  284635
756 18903601.00000000  285390
757 20818745.00000000  286146
758 20280474.00000000  286903
759 21230421.00000000  287661
760 15846694.00000000  288420
761 16521438.00000000  289180
762 16436056.00000000  289941
763 16560109.00000000  290703
764 20606091.00000000  291466
765 17424748.00000000  292230
766 15240942.00000000  292995
767 22399225.00000000  293761
768 18119695.00000000  294528
769 18681143.00000000  295296
770 16715633.00000000  296065
771 18849721.00000000  296835
772 19802737.00000000  297606
773 26997649.00000000  298378
774 18132904.00000000  299151
775 17191904.00000000  299925
776 19462526.00000000  300700
777 21823483.00000000  301476
778 21284006.00000000  302253
779 17173721.00000000  303031
780 17711495.00000000  303810
781 18647327.00000000  304590
782 16894686.00000000  305371
783 20039855.00000000  306153
784 16193714.00000000  306936
785 17825445.00000000  307720
786 17552006.00000000  308505
787 18082987.00000000  309291
788 24203378.00000000  310078
789 21095243.00000000  310866
790 17068241.00000000  311655
791 20011269.00000000  312445
792 18690187.00000000  313236
793 17770812.00000000  314028
794 23502140.00000000  314821
795 18198628.00000000  315615
796 27825226.00000000  316410
797 24561766.00000000  317206
798 17555710.00000000  318003
799 21398754.00000000  318801
800 17195401.00000000  319600
801 21814008.00000000  320400
802 27635312.00000000  321201
803 16674469.00000000  322003
804 20692161.00000000  322806
805 20736152.00000000  323610
806 19131378.00000000  324415
807 19226702.00000000  325221
808 21886385.00000000  326028
809 26621244.00000000  326836
810 19692951.00000000  327645
811 26209142.00000000  328455
812 30291205.00000000  329266
813 21386708.00000000  330078
814 20343179.00000000  330891
815 23075984.00000000  331705
816 20181859.00000000  332520
817 22954425.00000000  333336
818 17276908.00000000  334153
819 18582041.00000000  334971
820 18660894.00000000  335790
821 22765060.00000000  336610
822 19979807.00000000  337431
823 20842699.00000000  338253
824 23992560.00000000  339076
825 25440373.00000000  339900
826 17680992.00000000  340725
827 20350249.00000000  341551
828 23540632.00000000  342378
829 20180798.00000000  343206
830 26713120.00000000  344035
831 19515706.00000000  344865
832 21095474.00000000  345696
833 19063884.00000000  346528
834 19103395.00000000  347361
835 20835934.00000000  348195
836 25089129.00000000  349030
837 20388915.00000000  349866
838 19880271.00000000  350703
839 22537728.00000000  351541
840 26502647.00000000  352380
841 21740308.00000000  353220
842 22284981.00000000  354061
843 19068626.00000000  354903
844 21127727.00000000  355746
845 19269007.00000000  356590
846 27781718.00000000  357435
847 20859695.00000000  358281
848 19852586.00000000  359128
849 25450738.00000000  359976
850 19014769.00000000  360825
851 19260751.00000000  361675
852 20490343.00000000  362526
853 22001645.00000000  363378
854 23786707.00000000  364231
855 21478179.00000000  365085
856 19530600.00000000  365940
857 20164234.00000000  366796
858 22088634.00000000  367653
859 21547077.00000000  368511
860 19598928.00000000  369370
861 20554275.00000000  370230
862 19315692.00000000  371091
863 27430472.00000000  371953
864 19711141.00000000  372816
865 20228753.00000000  373680
866 20782877.00000000  374545
867 25872979.00000000  375411
868 21495027.00000000  376278
869 20750063.00000000  377146
870 21913808.00000000  378015
871 19561786.00000000  378885
872 21295730.00000000  379756
873 19705077.00000000  380628
874 22497543.00000000  381501
875 22004589.00000000  382375
876 20861317.00000000  383250
877 26243111.00000000  384126
878 28519084.00000000  385003
879 23354460.00000000  385881
880 24457820.00000000  386760
881 20326538.00000000  387640
882 25042766.00000000  388521
883 30590115.00000000  389403
884 22313491.00000000  390286
885 31884438.00000000  391170
886 25726985.00000000  392055
887 23534825.00000000  392941
888 23263581.00000000  393828
889 28450452.00000000  394716
890 23676363.00000000  395605
891 24812423.00000000  396495
892 21283836.00000000  397386
893 22339618.00000000  398278
894 21011128.00000000  399171
895 26089837.00000000  400065
896 22428965.00000000  400960
897 22549375.00000000  401856
898 24064754.00000000  402753
899 21663824.00000000  403651
900 21549141.00000000  404550
901 24992633.00000000  405450
902 26576174.00000000  406351
903 27156866.00000000  407253
904 23600665.00000000  408156
905 21970453.00000000  409060
906 22535171.00000000  409965
907 29098378.00000000  410871
908 21438018.00000000  411778
909 29189659.00000000  412686
910 28530016.00000000  413595
911 30268761.00000000  414505
912 25137328.00000000  415416
913 22571918.00000000  416328
914 26223292.00000000  417241
915 24833848.00000000  418155
916 27644550.00000000  419070
917 31528717.00000000  419986
918 26540268.00000000  420903
919 31567983.00000000  421821
920 30778873.00000000  422740
921 26976267.00000000  423660
922 22876132.00000000  424581
923 26547504.00000000  425503
924 27142140.00000000  426426
925 25070905.00000000  427350
926 28035264.00000000  428275
927 24026222.00000000  429201
928 32763238.00000000  430128
929 25513372.00000000  431056
930 28183150.00000000  431985
931 25365791.00000000  432915
932 29112732.00000000  433846
933 29234422.00000000  434778
934 31226701.00000000  435711
935 29238153.00000000  436645
936 26505454.00000000  437580
937 24100305.00000000  438516
938 25971845.00000000  439453
939 35372646.00000000  440391
940 26060651.00000000  441330
941 34736934.00000000  442270
942 32938672.00000000  443211
943 31605701.00000000  444153
944 28943780.00000000  445096
945 27158814.00000000  446040
946 26296062.00000000  446985
947 30659880.00000000  447931
948 30553153.00000000  448878
949 27344739.00000000  449826
950 27640050.00000000  450775
951 23939914.00000000  451725
952 39366600.00000000  452676
953 25740460.00000000  453628
954 26388707.00000000  454581
955 24229852.00000000  455535
956 26466952.00000000  456490
957 26976430.00000000  457446
958 24539260.00000000  458403
959 25745782.00000000  459361
960 33721486.00000000  460320
961 36243377.00000000  461280
962 33319534.00000000  462241
963 34367470.00000000  463203
964 36743689.00000000  464166
965 31115155.00000000  465130
966 27134281.00000000  466095
967 24491811.00000000  467061
968 28025072.00000000  468028
969 25979755.00000000  468996
970 28424579.00000000  469965
971 28868308.00000000  470935
972 25954878.00000000  471906
973 28153565.00000000  472878
974 28082241.00000000  473851
975 34430967.00000000  474825
976 31019822.00000000  475800
977 32395088.00000000  476776
978 30916685.00000000  477753
979 28347238.00000000  478731
980 24845670.00000000  479710
981 33412818.00000000  480690
982 24857309.00000000  481671
983 29750650.00000000  482653
984 25165002.00000000  483636
985 28427751.00000000  484620
986 27111085.00000000  485605
987 36119756.00000000  486591
988 33731556.00000000  487578
989 30542586.00000000  488566
990 31176002.00000000  489555
991 30168178.00000000  490545
992 25911896.00000000  491536
993 35168815.00000000  492528
994 28113874.00000000  493521
995 33158039.00000000  494515
996 26079861.00000000  495510
997 33013519.00000000  496506
998 29605093.00000000  497503
999 26197019.00000000  498501
1000 31613146.00000000  499500
