0 0.00000000  0
1 13024.00000000  0
2 3717.00000000  0
3 4520.00000000  0
4 5339.00000000  0
5 6455.00000000  0
6 7602.00000000  0
7 16611.00000000  0
8 10302.00000000  0
9 10857.00000000  0
10 12323.00000000  0
11 13874.00000000  0
12 15873.00000000  0
13 17169.00000000  0
14 19520.00000000  0
15 23128.00000000  0
16 25297.00000000  0
17 27647.00000000  0
18 30236.00000000  0
19 33158.00000000  0
20 35539.00000000  0
21 44733.00000000  0
22 41080.00000000  0
23 44145.00000000  0
24 43070.00000000  0
25 53032.00000000  0
26 55467.00000000  0
27 59484.00000000  0
28 83594.00000000  0
29 65063.00000000  0
30 50551.00000000  0
31 53707.00000000  0
32 61728.00000000  0
33 59311.00000000  0
34 62394.00000000  0
35 64867.00000000  0
36 68165.00000000  0
37 151387.00000000  0
38 94121.00000000  0
39 78880.00000000  0
40 82025.00000000  0
41 88194.00000000  0
42 88341.00000000  0
43 92228.00000000  0
44 95757.00000000  0
45 146282.00000000  0
46 167421.00000000  0
47 202323.00000000  0
48 186992.00000000  0
49 245631.00000000  0
50 206362.00000000  0
51 207237.00000000  0
52 211910.00000000  0
53 294664.00000000  0
54 259615.00000000  0
55 386381.00000000  0
56 492058.00000000  0
57 262262.00000000  0
58 304797.00000000  0
59 268297.00000000  0
60 270352.00000000  0
61 284475.00000000  0
62 299960.00000000  0
63 295994.00000000  0
64 307413.00000000  0
65 361702.00000000  0
66 330925.00000000  0
67 362890.00000000  0
68 356532.00000000  0
69 372373.00000000  0
70 353668.00000000  0
71 465577.00000000  0
72 389792.00000000  0
73 465254.00000000  0
74 523505.00000000  0
75 413064.00000000  0
76 457961.00000000  0
77 445710.00000000  0
78 469974.00000000  0
79 475917.00000000  0
80 370274.00000000  0
81 345287.00000000  0
82 342941.00000000  0
83 505814.00000000  0
84 500571.00000000  0
85 518992.00000000  0
86 545359.00000000  0
87 557042.00000000  0
88 567045.00000000  0
89 344517.00000000  0
90 494963.00000000  0
91 598545.00000000  0
92 499176.00000000  0
93 368209.00000000  0
94 377237.00000000  0
95 456419.00000000  0
96 391217.00000000  0
97 403217.00000000  0
98 407038.00000000  0
99 732185.00000000  0
100 447645.00000000  0
101 612819.00000000  0
102 594212.00000000  0
103 628952.00000000  0
104 641165.00000000  0
105 782332.00000000  0
106 909854.00000000  0
107 491507.00000000  0
108 559921.00000000  0
109 657504.00000000  0
110 834707.00000000  0
111 827648.00000000  0
112 713565.00000000  0
113 880592.00000000  0
114 861361.00000000  0
115 1000980.00000000  0
116 585608.00000000  0
117 788101.00000000  0
118 1222724.00000000  0
119 1005973.00000000  0
120 671385.00000000  0
121 915300.00000000  0
122 607045.00000000  0
123 801446.00000000  0
124 1035979.00000000  0
125 856936.00000000  0
126 690594.00000000  0
127 665585.00000000  0
128 673736.00000000  0
129 703081.00000000  0
130 738021.00000000  0
131 770172.00000000  0
132 732754.00000000  0
133 725026.00000000  0
134 735121.00000000  0
135 1222267.00000000  0
136 729071.00000000  0
137 903110.00000000  0
138 824269.00000000  0
139 885764.00000000  0
140 1405213.00000000  0
141 1489732.00000000  0
142 839112.00000000  0
143 829173.00000000  0
144 984735.00000000  0
145 1231323.00000000  0
146 835136.00000000  0
147 930216.00000000  0
148 946274.00000000  0
149 1235473.00000000  0
150 1615250.00000000  0
151 918060.00000000  0
152 1277184.00000000  0
153 1447874.00000000  0
154 1807542.00000000  0
155 992135.00000000  0
156 978787.00000000  0
157 997312.00000000  0
158 1003234.00000000  0
159 1021637.00000000  0
160 1027909.00000000  0
161 1725964.00000000  0
162 986937.00000000  0
163 1068584.00000000  0
164 1096510.00000000  0
165 2461660.00000000  0
166 1695689.00000000  0
167 1454901.00000000  0
168 1576263.00000000  0
169 1374969.00000000  0
170 1368049.00000000  0
171 1353139.00000000  0
172 1351952.00000000  0
173 1563207.00000000  0
174 1254837.00000000  0
175 1311347.00000000  0
176 1669848.00000000  0
177 2204701.00000000  0
178 1289138.00000000  0
179 1477185.00000000  0
180 2638582.00000000  0
181 1558599.00000000  0
182 1585022.00000000  0
183 1230365.00000000  0
184 1549356.00000000  0
185 1561159.00000000  0
186 1801683.00000000  0
187 1339127.00000000  0
188 1403270.00000000  0
189 1685915.00000000  0
190 1873579.00000000  0
191 1357433.00000000  0
192 1931109.00000000  0
193 1759656.00000000  0
194 1568430.00000000  0
195 1557390.00000000  0
196 1577811.00000000  0
197 3635639.00000000  0
198 2248203.00000000  0
199 1844127.00000000  0
200 1703710.00000000  0
201 1622898.00000000  0
202 1666971.00000000  0
203 1490479.00000000  0
204 1870070.00000000  0
205 1541387.00000000  0
206 1574691.00000000  0
207 1594051.00000000  0
208 1552679.00000000  0
209 1592054.00000000  0
210 1806655.00000000  0
211 1795694.00000000  0
212 1983698.00000000  0
213 1875585.00000000  0
214 1699363.00000000  0
215 1678724.00000000  0
216 1691982.00000000  0
217 1777051.00000000  0
218 1861846.00000000  0
219 1917300.00000000  0
220 1964574.00000000  0
221 1871664.00000000  0
222 2317969.00000000  0
223 2026110.00000000  0
224 2043352.00000000  0
225 2028458.00000000  0
226 2065775.00000000  0
227 2557175.00000000  0
228 1988912.00000000  0
229 2522803.00000000  0
230 2059352.00000000  0
231 2915355.00000000  0
232 2863622.00000000  0
233 2257555.00000000  0
234 2671492.00000000  0
235 2785072.00000000  0
236 2289872.00000000  0
237 3184078.00000000  0
238 3265909.00000000  0
239 2410573.00000000  0
240 2511480.00000000  0
241 2310393.00000000  0
242 2757277.00000000  0
243 2116159.00000000  0
244 2200829.00000000  0
245 2329872.00000000  0
246 2333224.00000000  0
247 2285177.00000000  0
248 2430488.00000000  0
249 2635929.00000000  0
250 3376387.00000000  0
251 2235241.00000000  0
252 4007156.00000000  0
253 3168294.00000000  0
254 3670920.00000000  0
255 2665560.00000000  0
256 2527706.00000000  0
257 2938936.00000000  0
258 2922939.00000000  0
259 2899213.00000000  0
260 3276352.00000000  0
261 4164147.00000000  0
262 2974794.00000000  0
263 3249138.00000000  0
264 3159473.00000000  0
265 3026185.00000000  0
266 2839681.00000000  0
267 3500739.00000000  0
268 3836743.00000000  0
269 2664541.00000000  0
270 2904895.00000000  0
271 2982286.00000000  0
272 4066404.00000000  0
273 2684565.00000000  0
274 2817734.00000000  0
275 2915804.00000000  0
276 3033293.00000000  0
277 3543729.00000000  0
278 2991988.00000000  0
279 2778437.00000000  0
280 3659508.00000000  0
281 3181465.00000000  0
282 2831106.00000000  0
283 3477449.00000000  0
284 2911517.00000000  0
285 3439530.00000000  0
286 3998196.00000000  0
287 3128679.00000000  0
288 3114968.00000000  0
289 5036593.00000000  0
290 3799687.00000000  0
291 5094885.00000000  0
292 4180696.00000000  0
293 5004423.00000000  0
294 4627776.00000000  0
295 3401357.00000000  0
296 4003518.00000000  0
297 3677399.00000000  0
298 4783121.00000000  0
299 6076690.00000000  0
300 6598599.00000000  0
301 5392529.00000000  0
302 5892308.00000000  0
303 5978183.00000000  0
304 4814920.00000000  0
305 5977104.00000000  0
306 5093789.00000000  0
307 5290788.00000000  0
308 6460017.00000000  0
309 4583074.00000000  0
310 4407273.00000000  0
311 4193386.00000000  0
312 3499586.00000000  0
313 3963088.00000000  0
314 4408599.00000000  0
315 4997923.00000000  0
316 7071747.00000000  0
317 3923881.00000000  0
318 3614026.00000000  0
319 4638888.00000000  0
320 5046143.00000000  0
321 4204708.00000000  0
322 5045733.00000000  0
323 6082190.00000000  0
324 4776494.00000000  0
325 3671322.00000000  0
326 3756075.00000000  0
327 3899869.00000000  0
328 5132926.00000000  0
329 3801801.00000000  0
330 4149047.00000000  0
331 4129031.00000000  0
332 4012762.00000000  0
333 4858763.00000000  0
334 4412335.00000000  0
335 4188427.00000000  0
336 5141526.00000000  0
337 6730115.00000000  0
338 4889174.00000000  0
339 4574080.00000000  0
340 5606398.00000000  0
341 4227326.00000000  0
342 4594427.00000000  0
343 4263164.00000000  0
344 5580179.00000000  0
345 4870363.00000000  0
346 7648487.00000000  0
347 4717651.00000000  0
348 4457580.00000000  0
349 4995165.00000000  0
350 5717400.00000000  0
351 6294978.00000000  0
352 4458817.00000000  0
353 5296434.00000000  0
354 6183142.00000000  0
355 5672703.00000000  0
356 5858112.00000000  0
357 4731264.00000000  0
358 4900338.00000000  0
359 4686069.00000000  0
360 5402550.00000000  0
361 5207103.00000000  0
362 5571626.00000000  0
363 5647343.00000000  0
364 5170350.00000000  0
365 4984023.00000000  0
366 8201201.00000000  0
367 4936364.00000000  0
368 5568332.00000000  0
369 5700776.00000000  0
370 4938380.00000000  0
371 6523793.00000000  0
372 5330937.00000000  0
373 5065598.00000000  0
374 4846720.00000000  0
375 5994404.00000000  0
376 5847817.00000000  0
377 6027916.00000000  0
378 7439823.00000000  0
379 5308531.00000000  0
380 7254916.00000000  0
381 5856892.00000000  0
382 5400349.00000000  0
383 5371994.00000000  0
384 7367367.00000000  0
385 6211046.00000000  0
386 8620719.00000000  0
387 5802945.00000000  0
388 7988740.00000000  0
389 7467602.00000000  0
390 7728877.00000000  0
391 6816842.00000000  0
392 6827830.00000000  0
393 7423433.00000000  0
394 8214801.00000000  0
395 7908457.00000000  0
396 7868602.00000000  0
397 6923501.00000000  0
398 5663860.00000000  0
399 6683940.00000000  0
400 6558516.00000000  0
401 6676213.00000000  0
402 6301279.00000000  0
403 7980053.00000000  0
404 6689794.00000000  0
405 6689328.00000000  0
406 7032317.00000000  0
407 7930301.00000000  0
408 7760411.00000000  0
409 8043286.00000000  0
410 6525121.00000000  0
411 6893800.00000000  0
412 9187500.00000000  0
413 7160072.00000000  0
414 6746346.00000000  0
415 9209455.00000000  0
416 7645779.00000000  0
417 7525071.00000000  0
418 7893953.00000000  0
419 6458485.00000000  0
420 6321725.00000000  0
421 7614858.00000000  0
422 7992916.00000000  0
423 8366469.00000000  0
424 7108924.00000000  0
425 6676644.00000000  0
426 7787895.00000000  0
427 7678036.00000000  0
428 7338712.00000000  0
429 6373838.00000000  0
430 6826412.00000000  0
431 8047965.00000000  0
432 7693815.00000000  0
433 8081086.00000000  0
434 7159732.00000000  0
435 7237096.00000000  0
436 8895276.00000000  0
437 6782002.00000000  0
438 12319679.00000000  0
439 8220945.00000000  0
440 10622329.00000000  0
441 8662063.00000000  0
442 8121948.00000000  0
443 6977590.00000000  0
444 8755324.00000000  0
445 6899724.00000000  0
446 7593797.00000000  0
447 9721395.00000000  0
448 8607149.00000000  0
449 8254751.00000000  0
450 7010491.00000000  0
451 7266768.00000000  0
452 7721919.00000000  0
453 13650620.00000000  0
454 8601082.00000000  0
455 10078385.00000000  0
456 11245292.00000000  0
457 8970932.00000000  0
458 7994928.00000000  0
459 9626069.00000000  0
460 8589913.00000000  0
461 15052909.00000000  0
462 14754544.00000000  0
463 15082569.00000000  0
464 12765602.00000000  0
465 11257991.00000000  0
466 9034758.00000000  0
467 14314905.00000000  0
468 15272616.00000000  0
469 9604815.00000000  0
470 8417870.00000000  0
471 8742714.00000000  0
472 12757028.00000000  0
473 9357437.00000000  0
474 9338076.00000000  0
475 12496426.00000000  0
476 12288090.00000000  0
477 9607508.00000000  0
478 9143387.00000000  0
479 9899122.00000000  0
480 9530274.00000000  0
481 9125973.00000000  0
482 12303627.00000000  0
483 9562737.00000000  0
484 22738920.00000000  0
485 17519204.00000000  0
486 13603687.00000000  0
487 11229722.00000000  0
488 10683294.00000000  0
489 10476595.00000000  0
490 12227362.00000000  0
491 9696024.00000000  0
492 8578052.00000000  0
493 9079189.00000000  0
494 10151137.00000000  0
495 9693017.00000000  0
496 9863294.00000000  0
497 8709076.00000000  0
498 11401593.00000000  0
499 9570013.00000000  0
500 8891015.00000000  0
501 10544271.00000000  0
502 9605104.00000000  0
503 11681474.00000000  0
504 9298690.00000000  0
505 9163607.00000000  0
506 12901985.00000000  0
507 11102629.00000000  0
508 9006880.00000000  0
509 9664342.00000000  0
510 13522167.00000000  0
511 9094318.00000000  0
512 9677879.00000000  0
513 13740970.00000000  0
514 11960205.00000000  0
515 11380115.00000000  0
516 11793747.00000000  0
517 11473318.00000000  0
518 12446410.00000000  0
519 11913947.00000000  0
520 14947048.00000000  0
521 12449968.00000000  0
522 16057255.00000000  0
523 12745587.00000000  0
524 10850792.00000000  0
525 12034256.00000000  0
526 12369683.00000000  0
527 10069241.00000000  0
528 13977318.00000000  0
529 13772999.00000000  0
530 10708323.00000000  0
531 10453338.00000000  0
532 13591730.00000000  0
533 10004797.00000000  0
534 12757238.00000000  0
535 11106270.00000000  0
536 16019460.00000000  0
537 10437420.00000000  0
538 11359983.00000000  0
539 10680192.00000000  0
540 12588187.00000000  0
541 13748612.00000000  0
542 11378626.00000000  0
543 12101320.00000000  0
544 12617640.00000000  0
545 11121100.00000000  0
546 11129391.00000000  0
547 10715411.00000000  0
548 11516990.00000000  0
549 10790711.00000000  0
550 11516831.00000000  0
551 18256271.00000000  0
552 11019008.00000000  0
553 12086285.00000000  0
554 12276812.00000000  0
555 15315084.00000000  0
556 12461230.00000000  0
557 11720836.00000000  0
558 11715076.00000000  0
559 13124817.00000000  0
560 13334417.00000000  0
561 11114304.00000000  0
562 11348141.00000000  0
563 13119697.00000000  0
564 11219982.00000000  0
565 12614521.00000000  0
566 11505553.00000000  0
567 12345498.00000000  0
568 12758767.00000000  0
569 14925969.00000000  0
570 14051555.00000000  0
571 12772767.00000000  0
572 15432919.00000000  0
573 15730127.00000000  0
574 14006908.00000000  0
575 15658596.00000000  0
576 15117663.00000000  0
577 12279748.00000000  0
578 13819662.00000000  0
579 12855227.00000000  0
580 13691339.00000000  0
581 14174814.00000000  0
582 14483678.00000000  0
583 17873020.00000000  0
584 14037998.00000000  0
585 14743196.00000000  0
586 16211560.00000000  0
587 15059855.00000000  0
588 14495816.00000000  0
589 13050720.00000000  0
590 12144317.00000000  0
591 12823459.00000000  0
592 22391302.00000000  0
593 12154055.00000000  0
594 16369368.00000000  0
595 13797989.00000000  0
596 12421953.00000000  0
597 13200303.00000000  0
598 12834340.00000000  0
599 12951014.00000000  0
600 14398166.00000000  0
601 14378764.00000000  0
602 18769930.00000000  0
603 15826668.00000000  0
604 14860137.00000000  0
605 14761852.00000000  0
606 22177713.00000000  0
607 17316091.00000000  0
608 17202307.00000000  0
609 16475942.00000000  0
610 16066954.00000000  0
611 15565971.00000000  0
612 14150249.00000000  0
613 14246712.00000000  0
614 19550669.00000000  0
615 15811772.00000000  0
616 13363025.00000000  0
617 14611777.00000000  0
618 15448370.00000000  0
619 16299820.00000000  0
620 16988647.00000000  0
621 14104299.00000000  0
622 14085021.00000000  0
623 14572090.00000000  0
624 17023793.00000000  0
625 16893658.00000000  0
626 15821358.00000000  0
627 17013664.00000000  0
628 13860769.00000000  0
629 17779345.00000000  0
630 15066436.00000000  0
631 14624600.00000000  0
632 16411541.00000000  0
633 19754134.00000000  0
634 14920857.00000000  0
635 15480530.00000000  0
636 18263725.00000000  0
637 14838736.00000000  0
638 19890166.00000000  0
639 18326190.00000000  0
640 14411562.00000000  0
641 17752096.00000000  0
642 14305391.00000000  0
643 21510296.00000000  0
644 21526404.00000000  0
645 18858495.00000000  0
646 25805515.00000000  0
647 26003725.00000000  0
648 20892907.00000000  0
649 27105893.00000000  0
650 25176161.00000000  0
651 23060729.00000000  0
652 22511218.00000000  0
653 22734549.00000000  0
654 23271594.00000000  0
655 21519575.00000000  0
656 25443349.00000000  0
657 25825225.00000000  0
658 20793767.00000000  0
659 19183082.00000000  0
660 19981308.00000000  0
661 22291389.00000000  0
662 20913826.00000000  0
663 21728598.00000000  0
664 24037587.00000000  0
665 25486612.00000000  0
666 32615333.00000000  0
667 21241000.00000000  0
668 35343062.00000000  0
669 25814366.00000000  0
670 20448480.00000000  0
671 23412887.00000000  0
672 20366731.00000000  0
673 19677723.00000000  0
674 23156239.00000000  0
675 41613351.00000000  0
676 27641499.00000000  0
677 35030929.00000000  0
678 29530434.00000000  0
679 21078352.00000000  0
680 33820118.00000000  0
681 23106506.00000000  0
682 21368788.00000000  0
683 28344534.00000000  0
684 20042588.00000000  0
685 19469002.00000000  0
686 23863139.00000000  0
687 22776627.00000000  0
688 28688685.00000000  0
689 19759138.00000000  0
690 32128993.00000000  0
691 22290214.00000000  0
692 22205101.00000000  0
693 22738860.00000000  0
694 25789198.00000000  0
695 28807452.00000000  0
696 22516016.00000000  0
697 25080301.00000000  0
698 18586138.00000000  0
699 18347613.00000000  0
700 18911012.00000000  0
701 19293548.00000000  0
702 23830129.00000000  0
703 30612320.00000000  0
704 23912209.00000000  0
705 26960587.00000000  0
706 28016715.00000000  0
707 27950930.00000000  0
708 25619010.00000000  0
709 23140461.00000000  0
710 26067109.00000000  0
711 35823267.00000000  0
712 25173437.00000000  0
713 24816818.00000000  0
714 34620752.00000000  0
715 31154854.00000000  0
716 29078861.00000000  0
717 27311539.00000000  0
718 21069608.00000000  0
719 23224356.00000000  0
720 26571401.00000000  0
721 37060749.00000000  0
722 28459514.00000000  0
723 32427417.00000000  0
724 30001235.00000000  0
725 24408994.00000000  0
726 28154881.00000000  0
727 33380256.00000000  0
728 30787220.00000000  0
729 21506756.00000000  0
730 22707815.00000000  0
731 27257748.00000000  0
732 22753143.00000000  0
733 19929049.00000000  0
734 19115162.00000000  0
735 22033941.00000000  0
736 19202151.00000000  0
737 24104405.00000000  0
738 18863168.00000000  0
739 19490046.00000000  0
740 21227687.00000000  0
741 20879909.00000000  0
742 21016817.00000000  0
743 19684757.00000000  0
744 19847744.00000000  0
745 23298676.00000000  0
746 27898156.00000000  0
747 23338931.00000000  0
748 23354207.00000000  0
749 23641370.00000000  0
750 23129035.00000000  0
751 25859592.00000000  0
752 30488371.00000000  0
753 21436803.00000000  0
754 29046326.00000000  0
755 20372639.00000000  0
756 19652656.00000000  0
757 25142004.00000000  0
758 19796180.00000000  0
759 20274818.00000000  0
760 24438070.00000000  0
761 25789533.00000000  0
762 23490014.00000000  0
763 20173082.00000000  0
764 20260732.00000000  0
765 20786355.00000000  0
766 26365629.00000000  0
767 21725065.00000000  0
768 20317563.00000000  0
769 25376964.00000000  0
770 26127100.00000000  0
771 30311142.00000000  0
772 24176060.00000000  0
773 21085129.00000000  0
774 20964321.00000000  0
775 23195580.00000000  0
776 28339734.00000000  0
777 23441063.00000000  0
778 30150083.00000000  0
779 25703682.00000000  0
780 25926913.00000000  0
781 26643480.00000000  0
782 21312816.00000000  0
783 22951990.00000000  0
784 24532867.00000000  0
785 25484136.00000000  0
786 28655176.00000000  0
787 27626725.00000000  0
788 25090415.00000000  0
789 28167120.00000000  0
790 29015984.00000000  0
791 27539555.00000000  0
792 22340020.00000000  0
793 37143944.00000000  0
794 25959907.00000000  0
795 23875130.00000000  0
796 23875771.00000000  0
797 31356472.00000000  0
798 29165944.00000000  0
799 25548601.00000000  0
800 25962206.00000000  0
801 30322404.00000000  0
802 27759693.00000000  0
803 25586110.00000000  0
804 23517669.00000000  0
805 33422356.00000000  0
806 25165032.00000000  0
807 26522953.00000000  0
808 26168279.00000000  0
809 23729299.00000000  0
810 25577526.00000000  0
811 23689898.00000000  0
812 28551880.00000000  0
813 23130305.00000000  0
814 24726599.00000000  0
815 24890787.00000000  0
816 23465949.00000000  0
817 23889741.00000000  0
818 27237981.00000000  0
819 23539608.00000000  0
820 25986014.00000000  0
821 25152541.00000000  0
822 29744433.00000000  0
823 32607404.00000000  0
824 24353068.00000000  0
825 23922736.00000000  0
826 25578733.00000000  0
827 24349862.00000000  0
828 24829041.00000000  0
829 25787790.00000000  0
830 25397276.00000000  0
831 27423732.00000000  0
832 32776947.00000000  0
833 38531831.00000000  0
834 36778751.00000000  0
835 34844490.00000000  0
836 25083999.00000000  0
837 24532786.00000000  0
838 26695238.00000000  0
839 31008873.00000000  0
840 32255759.00000000  0
841 25431495.00000000  0
842 24873768.00000000  0
843 27304488.00000000  0
844 27139261.00000000  0
845 28683285.00000000  0
846 25160727.00000000  0
847 26858453.00000000  0
848 26044204.00000000  0
849 27099223.00000000  0
850 25729505.00000000  0
851 26361813.00000000  0
852 30820440.00000000  0
853 25484783.00000000  0
854 25815428.00000000  0
855 27189830.00000000  0
856 32605466.00000000  0
857 28541090.00000000  0
858 25958770.00000000  0
859 26989070.00000000  0
860 30697335.00000000  0
861 27800253.00000000  0
862 28474273.00000000  0
863 27024699.00000000  0
864 33105862.00000000  0
865 26187650.00000000  0
866 29922399.00000000  0
867 27032672.00000000  0
868 27339859.00000000  0
869 26544435.00000000  0
870 26650608.00000000  0
871 27186041.00000000  0
872 33838571.00000000  0
873 27067835.00000000  0
874 27966946.00000000  0
875 28837328.00000000  0
876 33352430.00000000  0
877 33443286.00000000  0
878 27789178.00000000  0
879 29657328.00000000  0
880 27149045.00000000  0
881 28619864.00000000  0
882 31972628.00000000  0
883 30595659.00000000  0
884 29687893.00000000  0
885 28636701.00000000  0
886 28670387.00000000  0
887 29717269.00000000  0
888 27420080.00000000  0
889 28384156.00000000  0
890 35094166.00000000  0
891 30734954.00000000  0
892 35357165.00000000  0
893 38121789.00000000  0
894 31956801.00000000  0
895 30602668.00000000  0
896 32636017.00000000  0
897 30534606.00000000  0
898 33894691.00000000  0
899 33406738.00000000  0
900 35937706.00000000  0
901 30121034.00000000  0
902 29956481.00000000  0
903 32540622.00000000  0
904 29676878.00000000  0
905 29005084.00000000  0
906 30502504.00000000  0
907 28701352.00000000  0
908 29813179.00000000  0
909 31072267.00000000  0
910 33666633.00000000  0
911 33019440.00000000  0
912 33024450.00000000  0
913 33726332.00000000  0
914 34539438.00000000  0
915 34593423.00000000  0
916 34013405.00000000  0
917 35056953.00000000  0
918 32190886.00000000  0
919 36548810.00000000  0
920 36792610.00000000  0
921 31137287.00000000  0
922 33992768.00000000  0
923 30617851.00000000  0
924 30965741.00000000  0
925 30717205.00000000  0
926 36643951.00000000  0
927 30022894.00000000  0
928 46985323.00000000  0
929 30408525.00000000  0
930 36163059.00000000  0
931 42420600.00000000  0
932 60678519.00000000  0
933 47335623.00000000  0
934 37948424.00000000  0
935 39543117.00000000  0
936 38011432.00000000  0
937 45815058.00000000  0
938 42348597.00000000  0
939 44663104.00000000  0
940 45126573.00000000  0
941 47937403.00000000  0
942 42678824.00000000  0
943 57499367.00000000  0
944 80148388.00000000  0
945 71604218.00000000  0
946 45425080.00000000  0
947 41299853.00000000  0
948 34198990.00000000  0
949 40884611.00000000  0
950 35969947.00000000  0
951 37149485.00000000  0
952 36731084.00000000  0
953 34913725.00000000  0
954 38049845.00000000  0
955 34716721.00000000  0
956 37521531.00000000  0
957 40823752.00000000  0
958 50382853.00000000  0
959 41531068.00000000  0
960 40809307.00000000  0
961 44286265.00000000  0
962 47821111.00000000  0
963 49351816.00000000  0
964 43745622.00000000  0
965 48722851.00000000  0
966 38436933.00000000  0
967 35506724.00000000  0
968 52169068.00000000  0
969 38344919.00000000  0
970 35382816.00000000  0
971 34146415.00000000  0
972 42289503.00000000  0
973 48583351.00000000  0
974 42849387.00000000  0
975 43808145.00000000  0
976 40826480.00000000  0
977 38015961.00000000  0
978 35377198.00000000  0
979 38246733.00000000  0
980 36023785.00000000  0
981 45011529.00000000  0
982 37609920.00000000  0
983 41383878.00000000  0
984 43586320.00000000  0
985 33316059.00000000  0
986 44186824.00000000  0
987 34856460.00000000  0
988 38271990.00000000  0
989 38579170.00000000  0
990 41620071.00000000  0
991 33779210.00000000  0
992 39242352.00000000  0
993 33596724.00000000  0
994 33644503.00000000  0
995 38384615.00000000  0
996 33971355.00000000  0
997 34271805.00000000  0
998 34367496.00000000  0
999 38762025.00000000  0
1000 43947741.00000000  0
1001 34277001.00000000  0
1002 34952729.00000000  0
1003 34974698.00000000  0
1004 43685356.00000000  0
1005 40648785.00000000  0
1006 35922255.00000000  0
1007 34471182.00000000  0
1008 39590653.00000000  0
1009 34698885.00000000  0
1010 35011693.00000000  0
1011 35993055.00000000  0
1012 35203898.00000000  0
1013 35933928.00000000  0
1014 35018707.00000000  0
1015 35087656.00000000  0
1016 35154296.00000000  0
1017 40942824.00000000  0
1018 35340888.00000000  0
1019 35403970.00000000  0
1020 35444133.00000000  0
1021 35999939.00000000  0
1022 39905079.00000000  0
1023 36355208.00000000  0
1024 35918098.00000000  0
1025 36140359.00000000  0
1026 47192310.00000000  0
1027 35996996.00000000  0
1028 36444368.00000000  0
1029 47538337.00000000  0
1030 39547102.00000000  0
1031 42792603.00000000  0
1032 39577601.00000000  0
1033 36600667.00000000  0
1034 36702002.00000000  0
1035 44374153.00000000  0
1036 42708888.00000000  0
1037 36898928.00000000  0
1038 40831898.00000000  0
1039 39544338.00000000  0
1040 41724006.00000000  0
1041 48728667.00000000  0
1042 51135805.00000000  0
1043 45678319.00000000  0
1044 44905470.00000000  0
1045 43018881.00000000  0
1046 42416824.00000000  0
1047 42005440.00000000  0
1048 48616150.00000000  0
1049 65489305.00000000  0
1050 46316932.00000000  0
1051 40324063.00000000  0
1052 42888263.00000000  0
1053 39556087.00000000  0
1054 40655416.00000000  0
1055 41041700.00000000  0
1056 38219727.00000000  0
1057 38740279.00000000  0
1058 38588956.00000000  0
1059 42951039.00000000  0
1060 45549852.00000000  0
1061 40830209.00000000  0
1062 47726035.00000000  0
1063 48376456.00000000  0
1064 58258180.00000000  0
1065 42059229.00000000  0
1066 39688295.00000000  0
1067 47834704.00000000  0
1068 38932333.00000000  0
1069 39099357.00000000  0
1070 49757805.00000000  0
1071 45239623.00000000  0
1072 42566929.00000000  0
1073 39408551.00000000  0
1074 46484643.00000000  0
1075 40348460.00000000  0
1076 46388527.00000000  0
1077 40560398.00000000  0
1078 39648871.00000000  0
1079 44732301.00000000  0
1080 46297260.00000000  0
1081 51281747.00000000  0
1082 46037511.00000000  0
1083 40796093.00000000  0
1084 41213420.00000000  0
1085 42581915.00000000  0
1086 40746103.00000000  0
1087 42712341.00000000  0
1088 46613762.00000000  0
1089 40918398.00000000  0
1090 41728535.00000000  0
1091 41572581.00000000  0
1092 40773551.00000000  0
1093 46139305.00000000  0
1094 45038668.00000000  0
1095 42037394.00000000  0
1096 46075488.00000000  0
1097 41067420.00000000  0
1098 42143564.00000000  0
1099 46398836.00000000  0
1100 55410939.00000000  0
1101 45487566.00000000  0
1102 52346380.00000000  0
1103 54562729.00000000  0
1104 48519883.00000000  0
1105 42829699.00000000  0
1106 42959204.00000000  0
1107 49269895.00000000  0
1108 42107722.00000000  0
1109 45203683.00000000  0
1110 53459970.00000000  0
1111 42365111.00000000  0
1112 49597110.00000000  0
1113 51938190.00000000  0
1114 43772301.00000000  0
1115 48192825.00000000  0
1116 43578328.00000000  0
1117 45535757.00000000  0
1118 56522389.00000000  0
1119 42758347.00000000  0
1120 49737153.00000000  0
1121 43216677.00000000  0
1122 43737506.00000000  0
1123 43081746.00000000  0
1124 43909858.00000000  0
1125 44904935.00000000  0
1126 50425113.00000000  0
1127 43930145.00000000  0
1128 50932480.00000000  0
1129 50535478.00000000  0
1130 44774023.00000000  0
1131 62987622.00000000  0
1132 44684432.00000000  0
1133 45799370.00000000  0
1134 45418935.00000000  0
1135 46532169.00000000  0
1136 45328013.00000000  0
1137 51106267.00000000  0
1138 44365822.00000000  0
1139 45887441.00000000  0
1140 50807464.00000000  0
1141 44288490.00000000  0
1142 50421412.00000000  0
1143 48176981.00000000  0
1144 50555035.00000000  0
1145 45391419.00000000  0
1146 50815903.00000000  0
1147 51839379.00000000  0
1148 47821487.00000000  0
1149 45099640.00000000  0
1150 53430681.00000000  0
1151 48371567.00000000  0
1152 49469813.00000000  0
1153 48883343.00000000  0
1154 56003743.00000000  0
1155 45989168.00000000  0
1156 46868286.00000000  0
1157 45852910.00000000  0
1158 45974394.00000000  0
1159 50987164.00000000  0
1160 52118936.00000000  0
1161 57843770.00000000  0
1162 47463098.00000000  0
1163 58559040.00000000  0
1164 56687581.00000000  0
1165 46762867.00000000  0
1166 49967305.00000000  0
1167 48028505.00000000  0
1168 47872317.00000000  0
1169 46827461.00000000  0
1170 47704131.00000000  0
1171 46705371.00000000  0
1172 48857537.00000000  0
1173 46807375.00000000  0
1174 48839602.00000000  0
1175 48331252.00000000  0
1176 55803185.00000000  0
1177 50658224.00000000  0
1178 54981414.00000000  0
1179 53815196.00000000  0
1180 48275263.00000000  0
1181 59029933.00000000  0
1182 49493411.00000000  0
1183 56046272.00000000  0
1184 53534605.00000000  0
1185 53590521.00000000  0
1186 48098487.00000000  0
1187 54668520.00000000  0
1188 53067540.00000000  0
1189 50654095.00000000  0
1190 56126083.00000000  0
1191 53988025.00000000  0
1192 50142581.00000000  0
1193 55226581.00000000  0
1194 49901185.00000000  0
1195 64987217.00000000  0
1196 49657858.00000000  0
1197 49740707.00000000  0
1198 54369472.00000000  0
1199 56288814.00000000  0
1200 61364909.00000000  0
1201 52178352.00000000  0
1202 55215776.00000000  0
1203 50254421.00000000  0
1204 53483457.00000000  0
1205 55517979.00000000  0
1206 54929358.00000000  0
1207 49801662.00000000  0
1208 58368284.00000000  0
1209 49638573.00000000  0
1210 49716498.00000000  0
1211 50060315.00000000  0
1212 51063870.00000000  0
1213 50680405.00000000  0
1214 51383177.00000000  0
1215 50294492.00000000  0
1216 50286738.00000000  0
1217 51409858.00000000  0
1218 50589624.00000000  0
1219 56907110.00000000  0
1220 57285883.00000000  0
1221 58619883.00000000  0
1222 60896124.00000000  0
1223 53591797.00000000  0
1224 51224991.00000000  0
1225 52912919.00000000  0
1226 57005406.00000000  0
1227 51865792.00000000  0
1228 52429138.00000000  0
1229 55653069.00000000  0
1230 54868754.00000000  0
1231 53525414.00000000  0
1232 51453960.00000000  0
1233 57327282.00000000  0
1234 58328945.00000000  0
1235 52728663.00000000  0
1236 52146510.00000000  0
1237 55478283.00000000  0
1238 60789769.00000000  0
1239 52435423.00000000  0
1240 60924136.00000000  0
1241 53222962.00000000  0
1242 52371695.00000000  0
1243 63166817.00000000  0
1244 54241866.00000000  0
1245 54730412.00000000  0
1246 54571512.00000000  0
1247 59100738.00000000  0
1248 59670964.00000000  0
1249 53632043.00000000  0
1250 53308251.00000000  0
1251 62317458.00000000  0
1252 53603410.00000000  0
1253 59712724.00000000  0
1254 54249687.00000000  0
1255 53354533.00000000  0
1256 55110162.00000000  0
1257 53470521.00000000  0
1258 68347590.00000000  0
1259 60011847.00000000  0
1260 55864434.00000000  0
1261 54235041.00000000  0
1262 55202346.00000000  0
1263 63732841.00000000  0
1264 67029355.00000000  0
1265 55105632.00000000  0
1266 60228270.00000000  0
1267 56813383.00000000  0
1268 62940260.00000000  0
1269 56045058.00000000  0
1270 54963661.00000000  0
1271 60337656.00000000  0
1272 57746194.00000000  0
1273 61382453.00000000  0
1274 57680982.00000000  0
1275 56548297.00000000  0
1276 56337734.00000000  0
1277 55273918.00000000  0
1278 57845002.00000000  0
1279 60301470.00000000  0
1280 62606356.00000000  0
1281 60546468.00000000  0
1282 61495848.00000000  0
1283 55783043.00000000  0
1284 67319767.00000000  0
1285 62699093.00000000  0
1286 62199195.00000000  0
1287 60735648.00000000  0
1288 56318258.00000000  0
1289 56651208.00000000  0
1290 64942330.00000000  0
1291 59350611.00000000  0
1292 61967289.00000000  0
1293 58942357.00000000  0
1294 57833181.00000000  0
1295 57013600.00000000  0
1296 57185350.00000000  0
1297 62860450.00000000  0
1298 70832646.00000000  0
1299 58697520.00000000  0
1300 65075628.00000000  0
1301 63261233.00000000  0
1302 78386240.00000000  0
1303 60069551.00000000  0
1304 58876873.00000000  0
1305 64825545.00000000  0
1306 64899307.00000000  0
1307 59580288.00000000  0
1308 59114271.00000000  0
1309 64711687.00000000  0
1310 60558653.00000000  0
1311 59687257.00000000  0
1312 64401081.00000000  0
1313 65583628.00000000  0
1314 59553734.00000000  0
1315 62706884.00000000  0
1316 73198812.00000000  0
1317 65479441.00000000  0
1318 59017661.00000000  0
1319 64463162.00000000  0
1320 74657058.00000000  0
1321 66413627.00000000  0
1322 59243111.00000000  0
1323 74790200.00000000  0
1324 74208277.00000000  0
1325 60459299.00000000  0
1326 59534639.00000000  0
1327 64001501.00000000  0
1328 61058363.00000000  0
1329 67975252.00000000  0
1330 60419772.00000000  0
1331 60671362.00000000  0
1332 61318746.00000000  0
1333 67099065.00000000  0
1334 60098034.00000000  0
1335 73319959.00000000  0
1336 68749793.00000000  0
1337 61582719.00000000  0
1338 74102331.00000000  0
1339 62684837.00000000  0
1340 67423658.00000000  0
1341 66510843.00000000  0
1342 63121972.00000000  0
1343 65607694.00000000  0
1344 68818712.00000000  0
1345 64325687.00000000  0
1346 68948826.00000000  0
1347 62681273.00000000  0
1348 67363581.00000000  0
1349 62596416.00000000  0
1350 62779816.00000000  0
1351 63023162.00000000  0
1352 65670018.00000000  0
1353 62265980.00000000  0
1354 63861064.00000000  0
1355 63312979.00000000  0
1356 77173309.00000000  0
1357 68009383.00000000  0
1358 63167430.00000000  0
1359 64646978.00000000  0
1360 63257572.00000000  0
1361 70748149.00000000  0
1362 70746619.00000000  0
1363 71044354.00000000  0
1364 64677496.00000000  0
1365 64713888.00000000  0
1366 66182661.00000000  0
1367 64790780.00000000  0
1368 82970487.00000000  0
1369 71126041.00000000  0
1370 64295910.00000000  0
1371 64196411.00000000  0
1372 64433113.00000000  0
1373 64630211.00000000  0
1374 65400900.00000000  0
1375 71531766.00000000  0
1376 70679962.00000000  0
1377 64604659.00000000  0
1378 68481786.00000000  0
1379 77272847.00000000  0
1380 64984377.00000000  0
1381 80548272.00000000  0
1382 65071656.00000000  0
1383 65664866.00000000  0
1384 70680750.00000000  0
1385 65924263.00000000  0
1386 71051587.00000000  0
1387 67085755.00000000  0
1388 123419544.00000000  0
1389 97994166.00000000  0
1390 72668584.00000000  0
1391 71829633.00000000  0
1392 92056153.00000000  0
1393 72955690.00000000  0
1394 83576513.00000000  0
1395 67506280.00000000  0
1396 80191173.00000000  0
1397 73618072.00000000  0
1398 65309778.00000000  0
1399 72543940.00000000  0
1400 73043718.00000000  0
1401 72688514.00000000  0
1402 79985887.00000000  0
1403 66119455.00000000  0
1404 67029270.00000000  0
1405 78154557.00000000  0
1406 69082799.00000000  0
1407 69532058.00000000  0
1408 71553788.00000000  0
1409 85592505.00000000  0
1410 78569326.00000000  0
1411 75142684.00000000  0
1412 69942432.00000000  0
1413 75979754.00000000  0
1414 72955729.00000000  0
1415 86003097.00000000  0
1416 74839231.00000000  0
1417 87020067.00000000  0
1418 69989183.00000000  0
1419 71142129.00000000  0
1420 74655593.00000000  0
1421 92533297.00000000  0
1422 77715585.00000000  0
1423 79187404.00000000  0
1424 76208746.00000000  0
1425 76002316.00000000  0
1426 81385001.00000000  0
1427 79701123.00000000  0
1428 75517813.00000000  0
1429 80423840.00000000  0
1430 76988541.00000000  0
1431 84243046.00000000  0
1432 71140549.00000000  0
1433 80451376.00000000  0
1434 72275570.00000000  0
1435 75658561.00000000  0
1436 71447025.00000000  0
1437 75679836.00000000  0
1438 87005503.00000000  0
1439 70211419.00000000  0
1440 71046577.00000000  0
1441 78393838.00000000  0
1442 71399780.00000000  0
1443 70750655.00000000  0
1444 80192882.00000000  0
1445 74056294.00000000  0
1446 75199977.00000000  0
1447 77821598.00000000  0
1448 72046863.00000000  0
1449 73614251.00000000  0
1450 72437100.00000000  0
1451 73936253.00000000  0
1452 82318279.00000000  0
1453 72234237.00000000  0
1454 71947981.00000000  0
1455 74976674.00000000  0
1456 71921710.00000000  0
1457 83926796.00000000  0
1458 78631301.00000000  0
1459 97237193.00000000  0
1460 87584906.00000000  0
1461 74611745.00000000  0
1462 79263718.00000000  0
1463 74306195.00000000  0
1464 74284573.00000000  0
1465 79923546.00000000  0
1466 91214103.00000000  0
1467 78194773.00000000  0
1468 74199562.00000000  0
1469 80799034.00000000  0
1470 84192583.00000000  0
1471 79167084.00000000  0
1472 87424949.00000000  0
1473 88600514.00000000  0
1474 74560590.00000000  0
1475 74383947.00000000  0
1476 75400096.00000000  0
1477 82459077.00000000  0
1478 90283045.00000000  0
1479 80267338.00000000  0
1480 76595523.00000000  0
1481 89383827.00000000  0
1482 87767352.00000000  0
1483 74723762.00000000  0
1484 75945429.00000000  0
1485 81597481.00000000  0
1486 87545642.00000000  0
1487 87668212.00000000  0
1488 79097309.00000000  0
1489 80551188.00000000  0
1490 76006372.00000000  0
1491 74685212.00000000  0
1492 80900642.00000000  0
1493 82270367.00000000  0
1494 80476413.00000000  0
1495 90809937.00000000  0
1496 75987005.00000000  0
1497 76685217.00000000  0
1498 81207492.00000000  0
1499 91736940.00000000  0
1500 77641724.00000000  0
1501 77109140.00000000  0
1502 83627561.00000000  0
1503 77084890.00000000  0
1504 78171898.00000000  0
1505 78618438.00000000  0
1506 85813184.00000000  0
1507 78251121.00000000  0
1508 76908658.00000000  0
1509 86207549.00000000  0
1510 86590835.00000000  0
1511 79480657.00000000  0
1512 83635482.00000000  0
1513 79928026.00000000  0
1514 77579181.00000000  0
1515 94024890.00000000  0
1516 79031907.00000000  0
1517 79531277.00000000  0
1518 79062407.00000000  0
1519 78057454.00000000  0
1520 84472863.00000000  0
1521 77953963.00000000  0
1522 79457508.00000000  0
1523 81553610.00000000  0
1524 80354227.00000000  0
1525 88454857.00000000  0
1526 84498550.00000000  0
1527 84863789.00000000  0
1528 79067347.00000000  0
1529 86138410.00000000  0
1530 80114727.00000000  0
1531 86257769.00000000  0
1532 84772760.00000000  0
1533 112756520.00000000  0
1534 105348691.00000000  0
1535 98926530.00000000  0
1536 103637893.00000000  0
1537 101435379.00000000  0
1538 88047113.00000000  0
1539 81370813.00000000  0
1540 93697125.00000000  0
1541 101295360.00000000  0
1542 105631274.00000000  0
1543 99451803.00000000  0
1544 81058753.00000000  0
1545 88333204.00000000  0
1546 80625192.00000000  0
1547 88497514.00000000  0
1548 82056891.00000000  0
1549 81312093.00000000  0
1550 82433074.00000000  0
1551 88890160.00000000  0
1552 84356055.00000000  0
1553 97069264.00000000  0
1554 82152559.00000000  0
1555 83339667.00000000  0
1556 84711196.00000000  0
1557 83496335.00000000  0
1558 89364024.00000000  0
1559 86695663.00000000  0
1560 82998130.00000000  0
1561 81673345.00000000  0
1562 84418529.00000000  0
1563 82716630.00000000  0
1564 84369819.00000000  0
1565 90338900.00000000  0
1566 91193230.00000000  0
1567 85952723.00000000  0
1568 83402738.00000000  0
1569 91111387.00000000  0
1570 84930982.00000000  0
1571 89200061.00000000  0
1572 84335489.00000000  0
1573 85380021.00000000  0
1574 83553520.00000000  0
1575 83965809.00000000  0
1576 85147346.00000000  0
1577 86668974.00000000  0
1578 89527125.00000000  0
1579 107239022.00000000  0
1580 112702349.00000000  0
1581 99674317.00000000  0
1582 85337159.00000000  0
1583 98559781.00000000  0
1584 103001855.00000000  0
1585 92815156.00000000  0
1586 94482795.00000000  0
1587 84774840.00000000  0
1588 86969961.00000000  0
1589 99790328.00000000  0
1590 86427671.00000000  0
1591 88005091.00000000  0
1592 93105734.00000000  0
1593 95412284.00000000  0
1594 86662302.00000000  0
1595 86237454.00000000  0
1596 88107859.00000000  0
1597 88535306.00000000  0
1598 96442272.00000000  0
1599 87924879.00000000  0
1600 91796762.00000000  0
1601 97901782.00000000  0
1602 100735683.00000000  0
1603 92357955.00000000  0
1604 101059790.00000000  0
1605 87317226.00000000  0
1606 105251034.00000000  0
1607 92758244.00000000  0
1608 87423358.00000000  0
1609 87591610.00000000  0
1610 90075189.00000000  0
1611 93191535.00000000  0
1612 98140185.00000000  0
1613 94960744.00000000  0
1614 94261330.00000000  0
1615 93023195.00000000  0
1616 89228448.00000000  0
1617 95557288.00000000  0
1618 96350509.00000000  0
1619 89705034.00000000  0
1620 90618588.00000000  0
1621 94011102.00000000  0
1622 97240386.00000000  0
1623 91371825.00000000  0
1624 108262984.00000000  0
1625 91183779.00000000  0
1626 101754882.00000000  0
1627 96755782.00000000  0
1628 106696199.00000000  0
1629 100139989.00000000  0
1630 91358516.00000000  0
1631 92295563.00000000  0
1632 91117911.00000000  0
1633 91438995.00000000  0
1634 94271195.00000000  0
1635 101265497.00000000  0
1636 97321251.00000000  0
1637 92039856.00000000  0
1638 92642639.00000000  0
1639 101927968.00000000  0
1640 123792607.00000000  0
1641 91518811.00000000  0
1642 92751710.00000000  0
1643 93254326.00000000  0
1644 94120648.00000000  0
1645 92352661.00000000  0
1646 97340594.00000000  0
1647 92458668.00000000  0
1648 97468889.00000000  0
1649 92552469.00000000  0
1650 113054496.00000000  0
1651 102174592.00000000  0
1652 97018955.00000000  0
1653 93672808.00000000  0
1654 93806929.00000000  0
1655 103081125.00000000  0
1656 100789598.00000000  0
1657 102980959.00000000  0
1658 107911847.00000000  0
1659 94163829.00000000  0
1660 102748746.00000000  0
1661 98366021.00000000  0
1662 104899170.00000000  0
1663 117615082.00000000  0
1664 94988008.00000000  0
1665 100541638.00000000  0
1666 100929152.00000000  0
1667 101965579.00000000  0
1668 101276816.00000000  0
1669 94982597.00000000  0
1670 102893579.00000000  0
1671 101874807.00000000  0
1672 107501689.00000000  0
1673 107196090.00000000  0
1674 99924967.00000000  0
1675 95974477.00000000  0
1676 96686521.00000000  0
1677 96561144.00000000  0
1678 95442947.00000000  0
1679 101041089.00000000  0
1680 104654192.00000000  0
1681 107581412.00000000  0
1682 98015173.00000000  0
1683 97032545.00000000  0
1684 102030312.00000000  0
1685 103022199.00000000  0
1686 97476500.00000000  0
1687 97285392.00000000  0
1688 101118052.00000000  0
1689 99345571.00000000  0
1690 99510520.00000000  0
1691 104051754.00000000  0
1692 102758132.00000000  0
1693 102663357.00000000  0
1694 99092790.00000000  0
1695 120680606.00000000  0
1696 140201605.00000000  0
1697 123689824.00000000  0
1698 105407118.00000000  0
1699 104540579.00000000  0
1700 103812689.00000000  0
1701 137099412.00000000  0
1702 128727234.00000000  0
1703 105214999.00000000  0
1704 112127811.00000000  0
1705 100319735.00000000  0
1706 109444078.00000000  0
1707 99300809.00000000  0
1708 101283531.00000000  0
1709 107449259.00000000  0
1710 99807111.00000000  0
1711 116568131.00000000  0
1712 106072290.00000000  0
1713 102566212.00000000  0
1714 100671007.00000000  0
1715 104990302.00000000  0
1716 107513554.00000000  0
1717 116457432.00000000  0
1718 106101720.00000000  0
1719 119054792.00000000  0
1720 110107062.00000000  0
1721 108215012.00000000  0
1722 106943337.00000000  0
1723 99843880.00000000  0
1724 101788825.00000000  0
1725 107817837.00000000  0
1726 102161841.00000000  0
1727 109107653.00000000  0
1728 107454833.00000000  0
1729 102324637.00000000  0
1730 120314319.00000000  0
1731 108631587.00000000  0
1732 103308674.00000000  0
1733 130281539.00000000  0
1734 106527613.00000000  0
1735 120747272.00000000  0
1736 103595102.00000000  0
1737 101150248.00000000  0
1738 107813106.00000000  0
1739 108054466.00000000  0
1740 107541405.00000000  0
1741 104937385.00000000  0
1742 103813376.00000000  0
1743 119500983.00000000  0
1744 108963650.00000000  0
1745 119987192.00000000  0
1746 127740500.00000000  0
1747 104141185.00000000  0
1748 110936520.00000000  0
1749 121549328.00000000  0
1750 105762868.00000000  0
1751 106301969.00000000  0
1752 114007250.00000000  0
1753 110364990.00000000  0
1754 123408604.00000000  0
1755 140257560.00000000  0
1756 111138243.00000000  0
1757 118234719.00000000  0
1758 133584193.00000000  0
1759 123490756.00000000  0
1760 144941304.00000000  0
1761 261688204.00000000  0
1762 265375185.00000000  0
1763 286635114.00000000  0
1764 174239050.00000000  0
1765 220100646.00000000  0
1766 194874739.00000000  0
1767 237562362.00000000  0
1768 222097466.00000000  0
1769 221534365.00000000  0
1770 215970752.00000000  0
1771 229356572.00000000  0
1772 254097175.00000000  0
1773 228635422.00000000  0
1774 223155495.00000000  0
1775 207966108.00000000  0
1776 271527122.00000000  0
1777 150785731.00000000  0
1778 227082481.00000000  0
1779 170128657.00000000  0
1780 125777239.00000000  0
1781 117488425.00000000  0
1782 183516470.00000000  0
1783 238397008.00000000  0
1784 283582785.00000000  0
1785 262440130.00000000  0
1786 154619382.00000000  0
1787 126619897.00000000  0
1788 121147820.00000000  0
1789 148766325.00000000  0
1790 135015212.00000000  0
1791 122666729.00000000  0
1792 122211890.00000000  0
1793 141284740.00000000  0
1794 125759217.00000000  0
1795 138291840.00000000  0
1796 133518608.00000000  0
1797 118644843.00000000  0
1798 159493865.00000000  0
1799 133495019.00000000  0
1800 122363927.00000000  0
1801 135189820.00000000  0
1802 124920900.00000000  0
1803 120536356.00000000  0
1804 133327285.00000000  0
1805 137136681.00000000  0
1806 125350583.00000000  0
1807 115471014.00000000  0
1808 128524060.00000000  0
1809 136115958.00000000  0
1810 139037776.00000000  0
1811 125512508.00000000  0
1812 129813633.00000000  0
1813 122732729.00000000  0
1814 122213910.00000000  0
1815 146304190.00000000  0
1816 134407828.00000000  0
1817 150659907.00000000  0
1818 151596274.00000000  0
1819 168865588.00000000  0
1820 173060777.00000000  0
1821 171771795.00000000  0
1822 156317654.00000000  0
1823 141280737.00000000  0
1824 129962290.00000000  0
1825 137492485.00000000  0
1826 144925387.00000000  0
1827 163221522.00000000  0
1828 127718483.00000000  0
1829 120766829.00000000  0
1830 119345168.00000000  0
1831 144396217.00000000  0
1832 134302562.00000000  0
1833 132731066.00000000  0
1834 121611468.00000000  0
1835 149798542.00000000  0
1836 135718896.00000000  0
1837 129115335.00000000  0
1838 116307160.00000000  0
1839 135731649.00000000  0
1840 115452463.00000000  0
1841 115843344.00000000  0
1842 116943887.00000000  0
1843 116623506.00000000  0
1844 119999139.00000000  0
1845 125681773.00000000  0
1846 117839205.00000000  0
1847 122246623.00000000  0
1848 117283331.00000000  0
1849 116723499.00000000  0
1850 119758543.00000000  0
1851 118692590.00000000  0
1852 130239175.00000000  0
1853 138564431.00000000  0
1854 135990939.00000000  0
1855 122861178.00000000  0
1856 123456541.00000000  0
1857 124567211.00000000  0
1858 121141633.00000000  0
1859 125091770.00000000  0
1860 129176763.00000000  0
1861 130583739.00000000  0
1862 119138451.00000000  0
1863 127454963.00000000  0
1864 131671290.00000000  0
1865 117881249.00000000  0
1866 121406301.00000000  0
1867 118743114.00000000  0
1868 123384940.00000000  0
1869 124856575.00000000  0
1870 120008766.00000000  0
1871 125700403.00000000  0
1872 124574881.00000000  0
1873 120389621.00000000  0
1874 120679089.00000000  0
1875 125933087.00000000  0
1876 130135508.00000000  0
1877 127737725.00000000  0
1878 132689497.00000000  0
1879 120928363.00000000  0
1880 126874888.00000000  0
1881 135128506.00000000  0
1882 122289548.00000000  0
1883 145659815.00000000  0
1884 137115594.00000000  0
1885 126672738.00000000  0
1886 120031530.00000000  0
1887 126560086.00000000  0
1888 128572284.00000000  0
1889 132203925.00000000  0
1890 122495393.00000000  0
1891 124028964.00000000  0
1892 139579355.00000000  0
1893 121454858.00000000  0
1894 133836360.00000000  0
1895 120999626.00000000  0
1896 122163715.00000000  0
1897 124626084.00000000  0
1898 125229767.00000000  0
1899 129156087.00000000  0
1900 129024356.00000000  0
1901 130007440.00000000  0
1902 125284981.00000000  0
1903 124405883.00000000  0
1904 138541337.00000000  0
1905 124738918.00000000  0
1906 131012981.00000000  0
1907 137212031.00000000  0
1908 143187239.00000000  0
1909 124590836.00000000  0
1910 145981687.00000000  0
1911 131665675.00000000  0
1912 126281676.00000000  0
1913 123631091.00000000  0
1914 131165280.00000000  0
1915 131227862.00000000  0
1916 125382242.00000000  0
1917 127822133.00000000  0
1918 131308227.00000000  0
1919 126917064.00000000  0
1920 127667089.00000000  0
1921 129236248.00000000  0
1922 134005740.00000000  0
1923 132935876.00000000  0
1924 142543141.00000000  0
1925 133913868.00000000  0
1926 127925397.00000000  0
1927 132828247.00000000  0
1928 139951651.00000000  0
1929 125769062.00000000  0
1930 128288494.00000000  0
1931 127454468.00000000  0
1932 134160632.00000000  0
1933 128274973.00000000  0
1934 141283992.00000000  0
1935 128662907.00000000  0
1936 134842325.00000000  0
1937 129233399.00000000  0
1938 128900505.00000000  0
1939 143453726.00000000  0
1940 138205068.00000000  0
1941 143363387.00000000  0
1942 134569640.00000000  0
1943 127505807.00000000  0
1944 136356958.00000000  0
1945 135910778.00000000  0
1946 128310713.00000000  0
1947 140982757.00000000  0
1948 131197937.00000000  0
1949 135110196.00000000  0
1950 137137831.00000000  0
1951 134316730.00000000  0
1952 140974589.00000000  0
1953 134483680.00000000  0
1954 136785698.00000000  0
1955 130624787.00000000  0
1956 148454714.00000000  0
1957 189590448.00000000  0
1958 130808654.00000000  0
1959 138394161.00000000  0
1960 156875015.00000000  0
1961 179364503.00000000  0
1962 139637204.00000000  0
1963 138347166.00000000  0
1964 135059687.00000000  0
1965 137628038.00000000  0
1966 138388752.00000000  0
1967 137619501.00000000  0
1968 136705805.00000000  0
1969 151560981.00000000  0
1970 138758395.00000000  0
1971 145817331.00000000  0
1972 141875851.00000000  0
1973 139041489.00000000  0
1974 139523520.00000000  0
1975 133772454.00000000  0
1976 133395431.00000000  0
1977 135324778.00000000  0
1978 132743180.00000000  0
1979 149555059.00000000  0
1980 167369096.00000000  0
1981 161236640.00000000  0
1982 144985425.00000000  0
1983 142841390.00000000  0
1984 154984414.00000000  0
1985 149440371.00000000  0
1986 155967127.00000000  0
1987 139603061.00000000  0
1988 141449861.00000000  0
1989 169321459.00000000  0
1990 162237820.00000000  0
1991 252899483.00000000  0
1992 202544349.00000000  0
1993 252715366.00000000  0
1994 265318487.00000000  0
1995 241146196.00000000  0
1996 176876564.00000000  0
1997 184934259.00000000  0
1998 161844028.00000000  0
1999 159545874.00000000  0
2000 187415383.00000000  0
2001 163011178.00000000  0
2002 162385475.00000000  0
2003 144673062.00000000  0
2004 171677401.00000000  0
2005 160018665.00000000  0
2006 144655654.00000000  0
2007 151010802.00000000  0
2008 144897401.00000000  0
2009 147839881.00000000  0
2010 138539844.00000000  0
2011 137877363.00000000  0
2012 135753996.00000000  0
2013 169671911.00000000  0
2014 163651668.00000000  0
2015 149053992.00000000  0
2016 145012688.00000000  0
2017 156621206.00000000  0
2018 164362876.00000000  0
2019 140670992.00000000  0
2020 139644916.00000000  0
2021 149972980.00000000  0
2022 145087132.00000000  0
2023 151430838.00000000  0
2024 155297231.00000000  0
2025 179194033.00000000  0
2026 185757781.00000000  0
2027 156017885.00000000  0
2028 151954943.00000000  0
2029 164107790.00000000  0
2030 148521079.00000000  0
2031 144223372.00000000  0
2032 204152113.00000000  0
2033 148104884.00000000  0
2034 152131561.00000000  0
2035 163465145.00000000  0
2036 182072008.00000000  0
2037 159372858.00000000  0
2038 141634758.00000000  0
2039 147182164.00000000  0
2040 142296003.00000000  0
2041 154439071.00000000  0
2042 193918232.00000000  0
2043 166786173.00000000  0
2044 189901081.00000000  0
2045 192927226.00000000  0
2046 170170655.00000000  0
2047 156795038.00000000  0
2048 168756923.00000000  0
2049 164509121.00000000  0
2050 177871392.00000000  0
2051 160976025.00000000  0
2052 145729552.00000000  0
2053 146964706.00000000  0
2054 160193096.00000000  0
2055 196593533.00000000  0
2056 191257415.00000000  0
2057 198541420.00000000  0
2058 188918365.00000000  0
2059 165801189.00000000  0
2060 179258516.00000000  0
2061 178081560.00000000  0
2062 180971019.00000000  0
2063 159198168.00000000  0
2064 216259950.00000000  0
2065 220817754.00000000  0
2066 148991901.00000000  0
2067 174613290.00000000  0
2068 183765877.00000000  0
2069 170076670.00000000  0
2070 157724074.00000000  0
2071 161129492.00000000  0
2072 198665100.00000000  0
2073 189841654.00000000  0
2074 183052032.00000000  0
2075 187561336.00000000  0
2076 219076507.00000000  0
2077 203343523.00000000  0
2078 220752584.00000000  0
2079 201711780.00000000  0
2080 214117644.00000000  0
2081 179945779.00000000  0
2082 168341031.00000000  0
2083 183213024.00000000  0
2084 179832830.00000000  0
2085 213659382.00000000  0
2086 205713003.00000000  0
2087 215851094.00000000  0
2088 212016803.00000000  0
2089 211372945.00000000  0
2090 210415975.00000000  0
2091 213263215.00000000  0
2092 214882426.00000000  0
2093 210873182.00000000  0
2094 227190353.00000000  0
2095 213360848.00000000  0
2096 208182459.00000000  0
2097 221784324.00000000  0
2098 219466483.00000000  0
2099 201894598.00000000  0
2100 212030169.00000000  0
2101 203403211.00000000  0
2102 206296275.00000000  0
2103 201564525.00000000  0
2104 195407172.00000000  0
2105 208316137.00000000  0
2106 188351393.00000000  0
2107 192301724.00000000  0
2108 214708764.00000000  0
2109 176212023.00000000  0
2110 183977668.00000000  0
2111 184566537.00000000  0
2112 168422942.00000000  0
2113 250326467.00000000  0
2114 197151821.00000000  0
2115 194877604.00000000  0
2116 219502435.00000000  0
2117 193037285.00000000  0
2118 172620027.00000000  0
2119 190248745.00000000  0
2120 192780834.00000000  0
2121 181503202.00000000  0
2122 218991312.00000000  0
2123 292127415.00000000  0
2124 212021151.00000000  0
2125 422029780.00000000  0
2126 275958137.00000000  0
2127 251532421.00000000  0
2128 199431376.00000000  0
2129 238383698.00000000  0
2130 184082669.00000000  0
2131 226745804.00000000  0
2132 228496280.00000000  0
2133 239447615.00000000  0
2134 223866762.00000000  0
2135 241270206.00000000  0
2136 197755131.00000000  0
2137 249468661.00000000  0
2138 208404004.00000000  0
2139 238997277.00000000  0
2140 227950496.00000000  0
2141 234270475.00000000  0
2142 247592454.00000000  0
2143 208797403.00000000  0
2144 254675261.00000000  0
2145 214598176.00000000  0
2146 203073085.00000000  0
2147 202226881.00000000  0
2148 187205260.00000000  0
2149 204964617.00000000  0
2150 204568825.00000000  0
2151 185117408.00000000  0
2152 182805789.00000000  0
2153 168589764.00000000  0
2154 163986185.00000000  0
2155 168482895.00000000  0
2156 185444016.00000000  0
2157 159684994.00000000  0
2158 167716512.00000000  0
2159 162792240.00000000  0
2160 166486918.00000000  0
2161 172791160.00000000  0
2162 187890195.00000000  0
2163 164844489.00000000  0
2164 169871803.00000000  0
2165 200155316.00000000  0
2166 180085891.00000000  0
2167 181556817.00000000  0
2168 181015784.00000000  0
2169 192881478.00000000  0
2170 167800372.00000000  0
2171 192653278.00000000  0
2172 193740438.00000000  0
2173 176201080.00000000  0
2174 208815002.00000000  0
2175 392319795.00000000  0
2176 318877023.00000000  0
2177 303562027.00000000  0
2178 272218178.00000000  0
2179 225462349.00000000  0
2180 224463458.00000000  0
2181 275229288.00000000  0
2182 199804393.00000000  0
2183 258429243.00000000  0
2184 227348795.00000000  0
2185 239965458.00000000  0
2186 219249515.00000000  0
2187 222222459.00000000  0
2188 250065621.00000000  0
2189 195699819.00000000  0
2190 209264367.00000000  0
2191 199014598.00000000  0
2192 250853467.00000000  0
2193 227098550.00000000  0
2194 286630429.00000000  0
2195 402417750.00000000  0
2196 330790463.00000000  0
2197 347403610.00000000  0
2198 361869025.00000000  0
2199 406724677.00000000  0
2200 360287677.00000000  0
2201 298464179.00000000  0
2202 223615991.00000000  0
2203 330415041.00000000  0
2204 394375552.00000000  0
2205 278317703.00000000  0
2206 239961413.00000000  0
2207 192718472.00000000  0
2208 202078309.00000000  0
2209 225159127.00000000  0
2210 219508404.00000000  0
2211 298546451.00000000  0
2212 222339409.00000000  0
2213 258486227.00000000  0
2214 292859498.00000000  0
2215 314450982.00000000  0
2216 343345125.00000000  0
2217 250852339.00000000  0
2218 258285115.00000000  0
2219 247253656.00000000  0
2220 259468258.00000000  0
2221 251570082.00000000  0
2222 254094016.00000000  0
2223 227920281.00000000  0
2224 202175657.00000000  0
2225 261673676.00000000  0
2226 386441991.00000000  0
2227 248610247.00000000  0
2228 221640254.00000000  0
2229 204287061.00000000  0
2230 199564050.00000000  0
2231 200429870.00000000  0
2232 227091040.00000000  0
2233 216715651.00000000  0
2234 206007931.00000000  0
2235 204649949.00000000  0
2236 215630801.00000000  0
2237 204862540.00000000  0
2238 225624154.00000000  0
2239 246516274.00000000  0
2240 265076819.00000000  0
2241 261268410.00000000  0
2242 235134841.00000000  0
2243 246498198.00000000  0
2244 229084981.00000000  0
2245 244596486.00000000  0
2246 238661384.00000000  0
2247 297007960.00000000  0
2248 337985960.00000000  0
2249 302532580.00000000  0
2250 211864249.00000000  0
2251 218523742.00000000  0
2252 201493985.00000000  0
2253 214180509.00000000  0
2254 208956648.00000000  0
2255 196198907.00000000  0
2256 196669622.00000000  0
2257 189031414.00000000  0
2258 202302960.00000000  0
2259 181111895.00000000  0
2260 213613219.00000000  0
2261 211325756.00000000  0
2262 184851054.00000000  0
2263 194443385.00000000  0
2264 195984825.00000000  0
2265 193542830.00000000  0
2266 186700499.00000000  0
2267 202667888.00000000  0
2268 190793634.00000000  0
2269 189694291.00000000  0
2270 253955278.00000000  0
2271 226037959.00000000  0
2272 231492379.00000000  0
2273 206635387.00000000  0
2274 195501931.00000000  0
2275 198786730.00000000  0
2276 214525655.00000000  0
2277 213222254.00000000  0
2278 189556728.00000000  0
2279 194455978.00000000  0
2280 202863602.00000000  0
2281 192476606.00000000  0
2282 192552498.00000000  0
2283 186623161.00000000  0
2284 191665686.00000000  0
2285 192727747.00000000  0
2286 189126360.00000000  0
2287 228721299.00000000  0
2288 212402903.00000000  0
2289 232129735.00000000  0
2290 210252588.00000000  0
2291 198816744.00000000  0
2292 230706806.00000000  0
2293 192654267.00000000  0
2294 232503037.00000000  0
2295 240980996.00000000  0
2296 209915466.00000000  0
2297 189544629.00000000  0
2298 191607682.00000000  0
2299 182651272.00000000  0
2300 201707958.00000000  0
2301 191129070.00000000  0
2302 192991784.00000000  0
2303 191061071.00000000  0
2304 189264947.00000000  0
2305 180916035.00000000  0
2306 190076524.00000000  0
2307 189312253.00000000  0
2308 197765872.00000000  0
2309 202551435.00000000  0
2310 198755050.00000000  0
2311 182355004.00000000  0
2312 187217015.00000000  0
2313 198059091.00000000  0
2314 183371710.00000000  0
2315 203939693.00000000  0
2316 201053251.00000000  0
2317 184374776.00000000  0
2318 191177648.00000000  0
2319 195053000.00000000  0
2320 195275434.00000000  0
2321 202152771.00000000  0
2322 200588546.00000000  0
2323 192424861.00000000  0
2324 202919066.00000000  0
2325 197298150.00000000  0
2326 201869215.00000000  0
2327 199857759.00000000  0
2328 202975453.00000000  0
2329 209663314.00000000  0
2330 246301926.00000000  0
2331 205453855.00000000  0
2332 204637562.00000000  0
2333 212503115.00000000  0
2334 229691644.00000000  0
2335 193609082.00000000  0
2336 227754186.00000000  0
2337 207240893.00000000  0
2338 213241448.00000000  0
2339 197044558.00000000  0
2340 207135684.00000000  0
2341 195725446.00000000  0
2342 199817851.00000000  0
2343 206499355.00000000  0
2344 200726050.00000000  0
2345 210349299.00000000  0
2346 201372833.00000000  0
2347 205405203.00000000  0
2348 210859183.00000000  0
2349 195456398.00000000  0
2350 194847243.00000000  0
2351 212182175.00000000  0
2352 209469859.00000000  0
2353 197926384.00000000  0
2354 210561393.00000000  0
2355 211817257.00000000  0
2356 205408341.00000000  0
2357 199468675.00000000  0
2358 199966940.00000000  0
2359 212043847.00000000  0
2360 231088295.00000000  0
2361 195965714.00000000  0
2362 220805221.00000000  0
2363 210450940.00000000  0
2364 218226404.00000000  0
2365 215835174.00000000  0
2366 219773662.00000000  0
2367 200461605.00000000  0
2368 206433345.00000000  0
2369 211311264.00000000  0
2370 265934119.00000000  0
2371 210985898.00000000  0
2372 210257186.00000000  0
2373 216612703.00000000  0
2374 211982660.00000000  0
2375 218942645.00000000  0
2376 254449997.00000000  0
2377 228960718.00000000  0
2378 221802088.00000000  0
2379 240410661.00000000  0
2380 216074244.00000000  0
2381 227347146.00000000  0
2382 219263369.00000000  0
2383 250168746.00000000  0
2384 202254845.00000000  0
2385 198086264.00000000  0
2386 231343066.00000000  0
2387 203452177.00000000  0
2388 222996280.00000000  0
2389 201196005.00000000  0
2390 252731922.00000000  0
2391 214968214.00000000  0
2392 258106979.00000000  0
2393 214930064.00000000  0
2394 202844201.00000000  0
2395 211287612.00000000  0
2396 208743070.00000000  0
2397 197648476.00000000  0
2398 218517619.00000000  0
2399 207793739.00000000  0
2400 209701631.00000000  0
2401 204395479.00000000  0
2402 218245355.00000000  0
2403 204458328.00000000  0
2404 207165255.00000000  0
2405 235868316.00000000  0
2406 204816904.00000000  0
2407 244470296.00000000  0
2408 226285010.00000000  0
2409 231133667.00000000  0
2410 232873833.00000000  0
2411 222554640.00000000  0
2412 335606411.00000000  0
2413 271481854.00000000  0
2414 359715602.00000000  0
2415 276834179.00000000  0
2416 290833336.00000000  0
2417 291154681.00000000  0
2418 234259529.00000000  0
2419 231463602.00000000  0
2420 264771320.00000000  0
2421 250891007.00000000  0
2422 225056995.00000000  0
2423 290785266.00000000  0
2424 300330501.00000000  0
2425 278498142.00000000  0
2426 271028796.00000000  0
2427 259679740.00000000  0
2428 284363169.00000000  0
2429 269577108.00000000  0
2430 281092401.00000000  0
2431 282950785.00000000  0
2432 269340484.00000000  0
2433 268039635.00000000  0
2434 272610930.00000000  0
2435 257211152.00000000  0
2436 279151865.00000000  0
2437 262616258.00000000  0
2438 278749543.00000000  0
2439 243466242.00000000  0
2440 277284995.00000000  0
2441 250785490.00000000  0
2442 248103545.00000000  0
2443 281698765.00000000  0
2444 269230347.00000000  0
2445 258731442.00000000  0
2446 265341030.00000000  0
2447 271331157.00000000  0
2448 236499657.00000000  0
2449 358441359.00000000  0
2450 491884531.00000000  0
2451 261387739.00000000  0
2452 239970406.00000000  0
2453 286286162.00000000  0
2454 225973152.00000000  0
2455 239317836.00000000  0
2456 264550073.00000000  0
2457 239781507.00000000  0
2458 216869892.00000000  0
2459 267259437.00000000  0
2460 261391803.00000000  0
2461 228933754.00000000  0
2462 302416588.00000000  0
2463 277720737.00000000  0
2464 254065885.00000000  0
2465 259796897.00000000  0
2466 268120325.00000000  0
2467 222960225.00000000  0
2468 264830735.00000000  0
2469 241522447.00000000  0
2470 275865345.00000000  0
2471 255426477.00000000  0
2472 228108964.00000000  0
2473 252072629.00000000  0
2474 239065847.00000000  0
2475 297557158.00000000  0
2476 273625540.00000000  0
2477 311863350.00000000  0
2478 275339591.00000000  0
2479 268840304.00000000  0
2480 242958981.00000000  0
2481 255847028.00000000  0
2482 233393958.00000000  0
2483 235631951.00000000  0
2484 236793482.00000000  0
2485 235784368.00000000  0
2486 244781703.00000000  0
2487 265027586.00000000  0
2488 262165745.00000000  0
2489 296577380.00000000  0
2490 261449003.00000000  0
2491 228025793.00000000  0
2492 230797685.00000000  0
2493 225895903.00000000  0
2494 219086157.00000000  0
2495 228527337.00000000  0
2496 221231583.00000000  0
2497 222879548.00000000  0
2498 223697410.00000000  0
2499 237315652.00000000  0
2500 256659098.00000000  0
2501 350036676.00000000  0
2502 277081563.00000000  0
2503 240691514.00000000  0
2504 251012610.00000000  0
2505 232054822.00000000  0
2506 243989624.00000000  0
2507 259340132.00000000  0
2508 274127069.00000000  0
2509 246814422.00000000  0
2510 257044207.00000000  0
2511 237676537.00000000  0
2512 264971127.00000000  0
2513 337453887.00000000  0
2514 257219651.00000000  0
2515 285013457.00000000  0
2516 333398995.00000000  0
2517 265111600.00000000  0
2518 250845799.00000000  0
2519 251847243.00000000  0
2520 286568843.00000000  0
2521 289133134.00000000  0
2522 322133090.00000000  0
2523 306879218.00000000  0
2524 275078284.00000000  0
2525 258674161.00000000  0
2526 275604734.00000000  0
2527 313210341.00000000  0
2528 273165420.00000000  0
2529 336157361.00000000  0
2530 285297036.00000000  0
2531 311291314.00000000  0
2532 309519645.00000000  0
2533 365883225.00000000  0
2534 329691212.00000000  0
2535 284848550.00000000  0
2536 285613517.00000000  0
2537 269982090.00000000  0
2538 315537466.00000000  0
2539 273277503.00000000  0
2540 345437908.00000000  0
2541 351965123.00000000  0
2542 343354146.00000000  0
2543 344073059.00000000  0
2544 321560118.00000000  0
2545 407446442.00000000  0
2546 328938959.00000000  0
2547 320851871.00000000  0
2548 304686930.00000000  0
2549 304027598.00000000  0
2550 300997234.00000000  0
2551 301076060.00000000  0
2552 288908646.00000000  0
2553 309197130.00000000  0
2554 334773203.00000000  0
2555 385064353.00000000  0
2556 317225200.00000000  0
2557 259337342.00000000  0
2558 292199305.00000000  0
2559 261549361.00000000  0
2560 412493222.00000000  0
2561 291579651.00000000  0
2562 281977849.00000000  0
2563 290381438.00000000  0
2564 268538547.00000000  0
2565 268600595.00000000  0
2566 270077075.00000000  0
2567 263111747.00000000  0
2568 306298955.00000000  0
2569 328819422.00000000  0
2570 291861971.00000000  0
2571 281693373.00000000  0
2572 287857510.00000000  0
2573 269971258.00000000  0
2574 293892082.00000000  0
2575 263275703.00000000  0
2576 283260350.00000000  0
2577 289536516.00000000  0
2578 276079339.00000000  0
2579 255437473.00000000  0
2580 244700700.00000000  0
2581 247563568.00000000  0
2582 262429228.00000000  0
2583 248273866.00000000  0
2584 236725698.00000000  0
2585 247637496.00000000  0
2586 249351644.00000000  0
2587 249811784.00000000  0
2588 254786308.00000000  0
2589 259831652.00000000  0
2590 258801073.00000000  0
2591 248874371.00000000  0
2592 253178697.00000000  0
2593 251762211.00000000  0
2594 254399937.00000000  0
2595 250329488.00000000  0
2596 259073633.00000000  0
2597 245149974.00000000  0
2598 252983373.00000000  0
2599 249023707.00000000  0
2600 249657164.00000000  0
2601 245930962.00000000  0
2602 258428917.00000000  0
2603 246645163.00000000  0
2604 255736436.00000000  0
2605 242511671.00000000  0
2606 247436652.00000000  0
2607 249503355.00000000  0
2608 272126075.00000000  0
2609 250483741.00000000  0
2610 253239774.00000000  0
2611 257110815.00000000  0
2612 258028685.00000000  0
2613 268891138.00000000  0
2614 300726480.00000000  0
2615 263986621.00000000  0
2616 283472121.00000000  0
2617 268252748.00000000  0
2618 266695874.00000000  0
2619 253032375.00000000  0
2620 282971773.00000000  0
2621 258188094.00000000  0
2622 266219603.00000000  0
2623 255795762.00000000  0
2624 251567407.00000000  0
2625 273637858.00000000  0
2626 247152491.00000000  0
2627 255618238.00000000  0
2628 252029724.00000000  0
2629 285597039.00000000  0
2630 265091537.00000000  0
2631 251705128.00000000  0
2632 251733706.00000000  0
2633 258042578.00000000  0
2634 253930442.00000000  0
2635 252464268.00000000  0
2636 248633025.00000000  0
2637 256173516.00000000  0
2638 276039119.00000000  0
2639 277543166.00000000  0
2640 266161916.00000000  0
2641 246579230.00000000  0
2642 256018849.00000000  0
2643 269895063.00000000  0
2644 264756855.00000000  0
2645 264603815.00000000  0
2646 259434018.00000000  0
2647 256878951.00000000  0
2648 252111610.00000000  0
2649 261555095.00000000  0
2650 294112546.00000000  0
2651 275795335.00000000  0
2652 252674125.00000000  0
2653 264044009.00000000  0
2654 256002262.00000000  0
2655 273557649.00000000  0
2656 270982727.00000000  0
2657 277529956.00000000  0
2658 251528787.00000000  0
2659 254055905.00000000  0
2660 244160415.00000000  0
2661 258858283.00000000  0
2662 255562923.00000000  0
2663 269519143.00000000  0
2664 244838017.00000000  0
2665 259484207.00000000  0
2666 278755553.00000000  0
2667 253939213.00000000  0
2668 280660658.00000000  0
2669 248765284.00000000  0
2670 279518572.00000000  0
2671 285055437.00000000  0
2672 279284050.00000000  0
2673 277481702.00000000  0
2674 256933158.00000000  0
2675 250034490.00000000  0
2676 299293425.00000000  0
2677 278718268.00000000  0
2678 263306368.00000000  0
2679 265951996.00000000  0
2680 269205926.00000000  0
2681 268753178.00000000  0
2682 280839260.00000000  0
2683 260304538.00000000  0
2684 264782715.00000000  0
2685 255710607.00000000  0
2686 261512280.00000000  0
2687 263429846.00000000  0
2688 260524634.00000000  0
2689 290287155.00000000  0
2690 286878420.00000000  0
2691 275648606.00000000  0
2692 275018257.00000000  0
2693 277340527.00000000  0
2694 271169857.00000000  0
2695 298189700.00000000  0
2696 261249714.00000000  0
2697 274545409.00000000  0
2698 257980880.00000000  0
2699 278061226.00000000  0
2700 274967980.00000000  0
2701 268813518.00000000  0
2702 270725571.00000000  0
2703 286134400.00000000  0
2704 256498132.00000000  0
2705 280119979.00000000  0
2706 293237639.00000000  0
2707 275266002.00000000  0
2708 293572912.00000000  0
2709 295880674.00000000  0
2710 287710474.00000000  0
2711 291682907.00000000  0
2712 384788618.00000000  0
2713 334104170.00000000  0
2714 336379707.00000000  0
2715 355981354.00000000  0
2716 314104363.00000000  0
2717 308834620.00000000  0
2718 332145837.00000000  0
2719 310761128.00000000  0
2720 311592428.00000000  0
2721 299999809.00000000  0
2722 579728546.00000000  0
2723 404869718.00000000  0
2724 702417351.00000000  0
2725 852407047.00000000  0
2726 803336385.00000000  0
2727 660265651.00000000  0
2728 622120891.00000000  0
2729 718874825.00000000  0
2730 287165696.00000000  0
2731 270454599.00000000  0
2732 293629359.00000000  0
2733 276270205.00000000  0
2734 280871121.00000000  0
2735 289685258.00000000  0
2736 270442284.00000000  0
2737 285793722.00000000  0
2738 296702739.00000000  0
2739 294145281.00000000  0
2740 303111748.00000000  0
2741 277343679.00000000  0
2742 273870331.00000000  0
2743 272941189.00000000  0
2744 289028316.00000000  0
2745 298710174.00000000  0
2746 271415962.00000000  0
2747 303158988.00000000  0
2748 293578447.00000000  0
2749 274253075.00000000  0
2750 284049518.00000000  0
2751 290269234.00000000  0
2752 287212708.00000000  0
2753 274666508.00000000  0
2754 268490387.00000000  0
2755 280799255.00000000  0
2756 289024175.00000000  0
2757 294133272.00000000  0
2758 294362025.00000000  0
2759 289761216.00000000  0
2760 301116378.00000000  0
2761 279715326.00000000  0
2762 305382610.00000000  0
2763 296600355.00000000  0
2764 298352649.00000000  0
2765 278553970.00000000  0
2766 325885836.00000000  0
2767 337400149.00000000  0
2768 314461374.00000000  0
2769 284539239.00000000  0
2770 305074057.00000000  0
2771 340531199.00000000  0
2772 315772804.00000000  0
2773 344666125.00000000  0
2774 341346179.00000000  0
2775 344817787.00000000  0
2776 314032226.00000000  0
2777 320438493.00000000  0
2778 318763655.00000000  0
2779 286738034.00000000  0
2780 305884642.00000000  0
2781 324214038.00000000  0
2782 324483990.00000000  0
2783 306628705.00000000  0
2784 327616847.00000000  0
2785 293021094.00000000  0
2786 322472326.00000000  0
2787 316403826.00000000  0
2788 325739116.00000000  0
2789 360466405.00000000  0
2790 333322900.00000000  0
2791 278822624.00000000  0
2792 299154496.00000000  0
2793 328682014.00000000  0
2794 351799359.00000000  0
2795 415727861.00000000  0
2796 354850297.00000000  0
2797 331922388.00000000  0
2798 301038423.00000000  0
2799 322391839.00000000  0
2800 319343111.00000000  0
2801 316646491.00000000  0
2802 356524663.00000000  0
2803 309647204.00000000  0
2804 354425693.00000000  0
2805 356351465.00000000  0
2806 411661449.00000000  0
2807 345302280.00000000  0
2808 295705344.00000000  0
2809 302098743.00000000  0
2810 303143653.00000000  0
2811 386553593.00000000  0
2812 422413288.00000000  0
2813 352838659.00000000  0
2814 333382708.00000000  0
2815 331225740.00000000  0
2816 312260082.00000000  0
2817 325797171.00000000  0
2818 305751949.00000000  0
2819 362561548.00000000  0
2820 302434817.00000000  0
2821 306729391.00000000  0
2822 347768498.00000000  0
2823 371372685.00000000  0
2824 343989229.00000000  0
2825 349152462.00000000  0
2826 371743993.00000000  0
2827 315542962.00000000  0
2828 308105097.00000000  0
2829 293798766.00000000  0
2830 306785271.00000000  0
2831 293490485.00000000  0
2832 299749181.00000000  0
2833 298078042.00000000  0
2834 284727809.00000000  0
2835 313026872.00000000  0
2836 357854092.00000000  0
2837 348590300.00000000  0
2838 316834094.00000000  0
2839 308564217.00000000  0
2840 298789350.00000000  0
2841 287222854.00000000  0
2842 306813620.00000000  0
2843 295418122.00000000  0
2844 291564463.00000000  0
2845 294353000.00000000  0
2846 277840115.00000000  0
2847 295151015.00000000  0
2848 319499594.00000000  0
2849 302020262.00000000  0
2850 287056132.00000000  0
2851 279013176.00000000  0
2852 284861946.00000000  0
2853 277906701.00000000  0
2854 281827600.00000000  0
2855 296757178.00000000  0
2856 285308090.00000000  0
2857 283986108.00000000  0
2858 293092467.00000000  0
2859 299642454.00000000  0
2860 309755551.00000000  0
2861 303934699.00000000  0
2862 283733577.00000000  0
2863 304972349.00000000  0
2864 307126138.00000000  0
2865 286464015.00000000  0
2866 291897004.00000000  0
2867 287231581.00000000  0
2868 281283508.00000000  0
2869 280573100.00000000  0
2870 303854978.00000000  0
2871 287449070.00000000  0
2872 298192545.00000000  0
2873 294134762.00000000  0
2874 288225881.00000000  0
2875 287785949.00000000  0
2876 282154170.00000000  0
2877 305877668.00000000  0
2878 285220194.00000000  0
2879 289300214.00000000  0
2880 295025803.00000000  0
2881 313752258.00000000  0
2882 308432734.00000000  0
2883 310129099.00000000  0
2884 350041101.00000000  0
2885 294176095.00000000  0
2886 339433247.00000000  0
2887 287082754.00000000  0
2888 301679037.00000000  0
2889 296115158.00000000  0
2890 292707969.00000000  0
2891 284462487.00000000  0
2892 297486510.00000000  0
2893 289797580.00000000  0
2894 297929091.00000000  0
2895 292630587.00000000  0
2896 298129621.00000000  0
2897 293107695.00000000  0
2898 291535769.00000000  0
2899 287479761.00000000  0
2900 286028072.00000000  0
2901 293808752.00000000  0
2902 288760849.00000000  0
2903 301520827.00000000  0
2904 305331104.00000000  0
2905 313483875.00000000  0
2906 288937725.00000000  0
2907 315721910.00000000  0
2908 291766632.00000000  0
2909 303754081.00000000  0
2910 293446951.00000000  0
2911 294547870.00000000  0
2912 296239756.00000000  0
2913 301007180.00000000  0
2914 301854808.00000000  0
2915 296324097.00000000  0
2916 297891491.00000000  0
2917 291194260.00000000  0
2918 293854582.00000000  0
2919 310710089.00000000  0
2920 296565180.00000000  0
2921 306981014.00000000  0
2922 299153277.00000000  0
2923 303457119.00000000  0
2924 291672592.00000000  0
2925 291703138.00000000  0
2926 315368570.00000000  0
2927 292750275.00000000  0
2928 304092982.00000000  0
2929 302400380.00000000  0
2930 298548001.00000000  0
2931 295994703.00000000  0
2932 317445367.00000000  0
2933 308198384.00000000  0
2934 293096832.00000000  0
2935 305733165.00000000  0
2936 297214142.00000000  0
2937 307619266.00000000  0
2938 300782357.00000000  0
2939 304525730.00000000  0
2940 303492565.00000000  0
2941 302066049.00000000  0
2942 316298086.00000000  0
2943 302502436.00000000  0
2944 295940655.00000000  0
2945 319959962.00000000  0
2946 308813924.00000000  0
2947 303988799.00000000  0
2948 295877507.00000000  0
2949 301985870.00000000  0
2950 305824342.00000000  0
2951 299028400.00000000  0
2952 307265221.00000000  0
2953 299681291.00000000  0
2954 318729761.00000000  0
2955 298747119.00000000  0
2956 308480986.00000000  0
2957 300365563.00000000  0
2958 300425774.00000000  0
2959 372017995.00000000  0
2960 367499677.00000000  0
2961 384087201.00000000  0
2962 316103205.00000000  0
2963 355933996.00000000  0
2964 340063231.00000000  0
2965 316656616.00000000  0
2966 334920406.00000000  0
2967 312449330.00000000  0
2968 322898816.00000000  0
2969 317051683.00000000  0
2970 325228275.00000000  0
2971 332677416.00000000  0
2972 320912358.00000000  0
2973 329938605.00000000  0
2974 316524200.00000000  0
2975 323116062.00000000  0
2976 353709639.00000000  0
2977 318834864.00000000  0
2978 329956277.00000000  0
2979 339688483.00000000  0
2980 330405828.00000000  0
2981 324995804.00000000  0
2982 320363051.00000000  0
2983 324162397.00000000  0
2984 330745971.00000000  0
2985 336196026.00000000  0
2986 326449927.00000000  0
2987 326953461.00000000  0
2988 333168827.00000000  0
2989 330271671.00000000  0
2990 322349688.00000000  0
2991 319403297.00000000  0
2992 324723027.00000000  0
2993 356565095.00000000  0
2994 330043577.00000000  0
2995 323526694.00000000  0
2996 338865379.00000000  0
2997 347546062.00000000  0
2998 328066881.00000000  0
2999 329734071.00000000  0
3000 330887237.00000000  0
