0 0.00000000
1 472119.00000000
2 5337.00000000
3 4720.00000000
4 5168.00000000
5 5543.00000000
6 6024.00000000
7 6528.00000000
8 14717.00000000
9 7362.00000000
10 7656.00000000
11 8232.00000000
12 8531.00000000
13 9255.00000000
14 9434.00000000
15 9928.00000000
16 88180.00000000
17 16816.00000000
18 16947.00000000
19 17728.00000000
20 17939.00000000
21 18511.00000000
22 19571.00000000
23 20016.00000000
24 20272.00000000
25 21144.00000000
26 22054.00000000
27 22482.00000000
28 23400.00000000
29 23938.00000000
30 24584.00000000
31 26374.00000000
32 26872.00000000
33 27400.00000000
34 27118.00000000
35 28320.00000000
36 28640.00000000
37 29688.00000000
38 30568.00000000
39 31141.00000000
40 31618.00000000
41 32186.00000000
42 32827.00000000
43 35589.00000000
44 34195.00000000
45 35230.00000000
46 35565.00000000
47 36042.00000000
48 29440.00000000
49 30284.00000000
50 30980.00000000
51 31960.00000000
52 31858.00000000
53 32822.00000000
54 32234.00000000
55 28032.00000000
56 23384.00000000
57 23430.00000000
58 25704.00000000
59 167150.00000000
60 60212.00000000
61 24124.00000000
62 43106.00000000
63 24689.00000000
64 62971.00000000
65 47802.00000000
66 26635.00000000
67 46522.00000000
68 44322.00000000
69 49131.00000000
70 35216.00000000
71 39763.00000000
72 45076.00000000
73 45052.00000000
74 42917.00000000
75 44491.00000000
76 59585.00000000
77 47589.00000000
78 28821.00000000
79 48409.00000000
80 50865.00000000
81 32290.00000000
82 49287.00000000
83 52954.00000000
84 35055.00000000
85 47851.00000000
86 53390.00000000
87 53562.00000000
88 47572.00000000
89 48922.00000000
90 53221.00000000
91 50916.00000000
92 50525.00000000
93 35499.00000000
94 51754.00000000
95 54128.00000000
96 55803.00000000
97 51198.00000000
98 51849.00000000
99 53621.00000000
100 58405.00000000
101 56123.00000000
102 58341.00000000
103 54393.00000000
104 41770.00000000
105 53198.00000000
106 54160.00000000
107 55997.00000000
108 54441.00000000
109 60603.00000000
110 67131.00000000
111 74250.00000000
112 57077.00000000
113 61210.00000000
114 61793.00000000
115 58680.00000000
116 62963.00000000
117 61056.00000000
118 61105.00000000
119 61077.00000000
120 72344.00000000
121 54461.00000000
122 78704.00000000
123 132397.00000000
124 75531.00000000
125 53449.00000000
126 85883.00000000
127 92119.00000000
128 53842.00000000
129 84737.00000000
130 87015.00000000
131 53855.00000000
132 54952.00000000
133 55829.00000000
134 72772.00000000
135 67994.00000000
136 57072.00000000
137 56763.00000000
138 67416.00000000
139 71263.00000000
140 80594.00000000
141 60527.00000000
142 58869.00000000
143 59000.00000000
144 58599.00000000
145 60575.00000000
146 60315.00000000
147 60019.00000000
148 60709.00000000
149 60388.00000000
150 62440.00000000
151 62216.00000000
152 62618.00000000
153 63301.00000000
154 69623.00000000
155 63389.00000000
156 65157.00000000
157 63649.00000000
158 64173.00000000
159 73789.00000000
160 66106.00000000
161 66435.00000000
162 65965.00000000
163 87682.00000000
164 73601.00000000
165 70132.00000000
166 67808.00000000
167 70949.00000000
168 68445.00000000
169 70953.00000000
170 68987.00000000
171 81468.00000000
172 84553.00000000
173 91359.00000000
174 71426.00000000
175 69513.00000000
176 72147.00000000
177 74280.00000000
178 161690.00000000
179 73148.00000000
180 93802.00000000
181 95257.00000000
182 127543.00000000
183 81759.00000000
184 73685.00000000
185 107958.00000000
186 79830.00000000
187 123881.00000000
188 147239.00000000
189 77624.00000000
190 77904.00000000
191 108516.00000000
192 81636.00000000
193 82455.00000000
194 77145.00000000
195 78132.00000000
196 79119.00000000
197 81773.00000000
198 78721.00000000
199 80150.00000000
200 78902.00000000
201 85120.00000000
202 93782.00000000
203 80992.00000000
204 81097.00000000
205 82638.00000000
206 82280.00000000
207 83124.00000000
208 87051.00000000
209 81831.00000000
210 150532.00000000
211 120716.00000000
212 85046.00000000
213 87122.00000000
214 86008.00000000
215 86516.00000000
216 103041.00000000
217 57331.00000000
218 80407.00000000
219 75246.00000000
220 90165.00000000
221 57535.00000000
222 56576.00000000
223 57353.00000000
224 57332.00000000
225 57695.00000000
226 57702.00000000
227 57848.00000000
228 58571.00000000
229 58523.00000000
230 58645.00000000
231 59293.00000000
232 59323.00000000
233 59584.00000000
234 59677.00000000
235 65177.00000000
236 60592.00000000
237 60528.00000000
238 60666.00000000
239 61063.00000000
240 61216.00000000
241 61292.00000000
242 61765.00000000
243 62120.00000000
244 62320.00000000
245 92899.00000000
246 68877.00000000
247 94496.00000000
248 98520.00000000
249 78962.00000000
250 82642.00000000
251 64276.00000000
252 64488.00000000
253 64687.00000000
254 64984.00000000
255 91619.00000000
256 102437.00000000
257 71755.00000000
258 88406.00000000
259 66421.00000000
260 79389.00000000
261 103853.00000000
262 103436.00000000
263 68123.00000000
264 81720.00000000
265 98966.00000000
266 91144.00000000
267 101103.00000000
268 95747.00000000
269 105682.00000000
270 84246.00000000
271 76482.00000000
272 69243.00000000
273 98398.00000000
274 75845.00000000
275 70806.00000000
276 93026.00000000
277 70865.00000000
278 71629.00000000
279 71382.00000000
280 71006.00000000
281 71536.00000000
282 71768.00000000
283 71822.00000000
284 72207.00000000
285 72264.00000000
286 72946.00000000
287 73132.00000000
288 73089.00000000
289 73601.00000000
290 73832.00000000
291 83392.00000000
292 77370.00000000
293 91243.00000000
294 91340.00000000
295 75279.00000000
296 81376.00000000
297 75299.00000000
298 76021.00000000
299 86509.00000000
300 75923.00000000
301 76538.00000000
302 76629.00000000
303 76921.00000000
304 77212.00000000
305 77284.00000000
306 124832.00000000
307 119729.00000000
308 119486.00000000
309 120573.00000000
310 120860.00000000
311 120691.00000000
312 97996.00000000
313 79419.00000000
314 79514.00000000
315 79598.00000000
316 79887.00000000
317 80669.00000000
318 80829.00000000
319 80742.00000000
320 81381.00000000
321 88751.00000000
322 82027.00000000
323 96539.00000000
324 126413.00000000
325 125210.00000000
326 126244.00000000
327 126932.00000000
328 126914.00000000
329 166079.00000000
330 183342.00000000
331 98522.00000000
332 111151.00000000
333 96573.00000000
334 126400.00000000
335 219265.00000000
336 86763.00000000
337 85654.00000000
338 114559.00000000
339 148029.00000000
340 150617.00000000
341 136744.00000000
342 130544.00000000
343 130185.00000000
344 129885.00000000
345 137444.00000000
346 150195.00000000
347 149464.00000000
348 89451.00000000
349 88354.00000000
350 101726.00000000
351 109471.00000000
352 139103.00000000
353 132801.00000000
354 152552.00000000
355 136091.00000000
356 138974.00000000
357 156742.00000000
358 136597.00000000
359 120222.00000000
360 145233.00000000
361 136128.00000000
362 141085.00000000
363 156924.00000000
364 135907.00000000
365 134266.00000000
366 165762.00000000
367 112950.00000000
368 111304.00000000
369 124124.00000000
370 112003.00000000
371 111977.00000000
372 112439.00000000
373 112349.00000000
374 112790.00000000
375 144577.00000000
376 219095.00000000
377 151867.00000000
378 144492.00000000
379 137840.00000000
380 156420.00000000
381 148690.00000000
382 156372.00000000
383 142144.00000000
384 137313.00000000
385 159571.00000000
386 117530.00000000
387 115495.00000000
388 116123.00000000
389 143820.00000000
390 117302.00000000
391 116192.00000000
392 116228.00000000
393 172744.00000000
394 141557.00000000
395 168651.00000000
396 155113.00000000
397 141834.00000000
398 144368.00000000
399 142964.00000000
400 176850.00000000
401 121123.00000000
402 119384.00000000
403 118728.00000000
404 123755.00000000
405 119702.00000000
406 126361.00000000
407 125089.00000000
408 152699.00000000
409 148422.00000000
410 159054.00000000
411 166091.00000000
412 147310.00000000
413 152284.00000000
414 176627.00000000
415 154564.00000000
416 160407.00000000
417 167029.00000000
418 149347.00000000
419 150517.00000000
420 154984.00000000
421 149747.00000000
422 165657.00000000
423 154413.00000000
424 168391.00000000
425 177329.00000000
426 156355.00000000
427 151380.00000000
428 175606.00000000
429 162371.00000000
430 149291.00000000
431 153757.00000000
432 166982.00000000
433 153585.00000000
434 141049.00000000
435 144451.00000000
436 145037.00000000
437 155629.00000000
438 157053.00000000
439 146493.00000000
440 148363.00000000
441 146411.00000000
442 147580.00000000
443 148244.00000000
444 164616.00000000
445 154455.00000000
446 150003.00000000
447 193468.00000000
448 149918.00000000
449 178109.00000000
450 150860.00000000
451 151571.00000000
452 181687.00000000
453 153046.00000000
454 167418.00000000
455 160786.00000000
456 151602.00000000
457 161369.00000000
458 153610.00000000
459 156200.00000000
460 212681.00000000
461 155216.00000000
462 172420.00000000
463 156392.00000000
464 157453.00000000
465 182509.00000000
466 183886.00000000
467 156701.00000000
468 186990.00000000
469 159463.00000000
470 159578.00000000
471 183866.00000000
472 172873.00000000
473 167230.00000000
474 156563.00000000
475 156758.00000000
476 167921.00000000
477 158312.00000000
478 157590.00000000
479 157485.00000000
480 191801.00000000
481 233185.00000000
482 263853.00000000
483 263405.00000000
484 188711.00000000
485 187914.00000000
486 189435.00000000
487 189970.00000000
488 189446.00000000
489 189681.00000000
490 293848.00000000
491 339094.00000000
492 244266.00000000
493 190320.00000000
494 190185.00000000
495 190188.00000000
496 190747.00000000
497 191117.00000000
498 190354.00000000
499 191513.00000000
500 191563.00000000
501 192608.00000000
502 193065.00000000
503 193245.00000000
504 193232.00000000
505 193588.00000000
506 193640.00000000
507 194272.00000000
508 195256.00000000
509 196350.00000000
510 195956.00000000
511 196413.00000000
512 198991.00000000
513 211662.00000000
514 198590.00000000
515 197235.00000000
516 197850.00000000
517 198451.00000000
518 197802.00000000
519 197858.00000000
520 198349.00000000
521 199126.00000000
522 199413.00000000
523 199760.00000000
524 199838.00000000
525 370600.00000000
526 218995.00000000
527 236450.00000000
528 255785.00000000
529 264766.00000000
530 303472.00000000
531 305263.00000000
532 207899.00000000
533 207832.00000000
534 205744.00000000
535 199155.00000000
536 135339.00000000
537 134971.00000000
538 135471.00000000
539 135472.00000000
540 136508.00000000
541 136987.00000000
542 136575.00000000
543 137231.00000000
544 137529.00000000
545 137110.00000000
546 138584.00000000
547 140224.00000000
548 138535.00000000
549 138765.00000000
550 138295.00000000
551 138854.00000000
552 138861.00000000
553 139449.00000000
554 139200.00000000
555 150760.00000000
556 139339.00000000
557 139317.00000000
558 140205.00000000
559 141073.00000000
560 141780.00000000
561 223227.00000000
562 257000.00000000
563 150690.00000000
564 142186.00000000
565 141963.00000000
566 176269.00000000
567 218643.00000000
568 217292.00000000
569 221538.00000000
570 143585.00000000
571 143570.00000000
572 143667.00000000
573 143857.00000000
574 143863.00000000
575 144360.00000000
576 145037.00000000
577 485048.00000000
578 234985.00000000
579 146084.00000000
580 145025.00000000
581 145666.00000000
582 145781.00000000
583 148124.00000000
584 231758.00000000
585 198346.00000000
586 197668.00000000
587 198223.00000000
588 245837.00000000
589 241298.00000000
590 235157.00000000
591 236841.00000000
592 381849.00000000
593 217146.00000000
594 262478.00000000
595 294693.00000000
596 184994.00000000
597 182760.00000000
598 244769.00000000
599 208493.00000000
600 211028.00000000
601 208551.00000000
602 212205.00000000
603 209161.00000000
604 172602.00000000
605 195598.00000000
606 181575.00000000
607 196051.00000000
608 181199.00000000
609 195811.00000000
610 181230.00000000
611 196262.00000000
612 180774.00000000
613 195942.00000000
614 180620.00000000
615 196320.00000000
616 181706.00000000
617 206010.00000000
618 182032.00000000
619 207021.00000000
620 182927.00000000
621 206779.00000000
622 183066.00000000
623 207813.00000000
624 183751.00000000
625 207895.00000000
626 184270.00000000
627 199734.00000000
628 184994.00000000
629 209480.00000000
630 185184.00000000
631 208740.00000000
632 187104.00000000
633 185190.00000000
634 195413.00000000
635 186388.00000000
636 248827.00000000
637 183760.00000000
638 236227.00000000
639 210600.00000000
640 187057.00000000
641 206847.00000000
642 206761.00000000
643 172755.00000000
644 163122.00000000
645 161426.00000000
646 161592.00000000
647 162011.00000000
648 162303.00000000
649 162440.00000000
650 162901.00000000
651 162589.00000000
652 162970.00000000
653 163690.00000000
654 339141.00000000
655 189480.00000000
656 164523.00000000
657 164498.00000000
658 164669.00000000
659 164667.00000000
660 165340.00000000
661 165604.00000000
662 177901.00000000
663 165823.00000000
664 165865.00000000
665 166242.00000000
666 166549.00000000
667 166465.00000000
668 167207.00000000
669 166873.00000000
670 167285.00000000
671 167834.00000000
672 183353.00000000
673 169290.00000000
674 168290.00000000
675 169145.00000000
676 168891.00000000
677 169197.00000000
678 169334.00000000
679 169596.00000000
680 169896.00000000
681 170163.00000000
682 170142.00000000
683 181139.00000000
684 171396.00000000
685 180692.00000000
686 171656.00000000
687 171827.00000000
688 171687.00000000
689 172278.00000000
690 172354.00000000
691 172344.00000000
692 172970.00000000
693 173115.00000000
694 173131.00000000
695 173792.00000000
696 173643.00000000
697 174049.00000000
698 174056.00000000
699 174691.00000000
700 174680.00000000
701 271465.00000000
702 270031.00000000
703 245567.00000000
704 357996.00000000
705 208938.00000000
706 218390.00000000
707 272349.00000000
708 203604.00000000
709 215990.00000000
710 226724.00000000
711 226301.00000000
712 203731.00000000
713 217730.00000000
714 227413.00000000
715 227720.00000000
716 206816.00000000
717 219084.00000000
718 183813.00000000
719 221753.00000000
720 228076.00000000
721 230482.00000000
722 210228.00000000
723 222277.00000000
724 228908.00000000
725 229734.00000000
726 229727.00000000
727 231622.00000000
728 231745.00000000
729 232347.00000000
730 232390.00000000
731 232109.00000000
732 232949.00000000
733 232554.00000000
734 233006.00000000
735 233215.00000000
736 233470.00000000
737 233512.00000000
738 233867.00000000
739 235186.00000000
740 234748.00000000
741 235595.00000000
742 234586.00000000
743 233981.00000000
744 233745.00000000
745 262436.00000000
746 234427.00000000
747 237333.00000000
748 236934.00000000
749 236588.00000000
750 236723.00000000
751 236305.00000000
752 235932.00000000
753 226403.00000000
754 237591.00000000
755 237229.00000000
756 229104.00000000
757 228822.00000000
758 229017.00000000
759 238646.00000000
760 229542.00000000
761 230672.00000000
762 228715.00000000
763 229294.00000000
764 230761.00000000
765 239435.00000000
766 231708.00000000
767 229938.00000000
768 229567.00000000
769 230638.00000000
770 231496.00000000
771 232094.00000000
772 217312.00000000
773 230742.00000000
774 230505.00000000
775 232812.00000000
776 233167.00000000
777 233038.00000000
778 231832.00000000
779 232465.00000000
780 233885.00000000
781 235051.00000000
782 234889.00000000
783 241872.00000000
784 232768.00000000
785 233880.00000000
786 235499.00000000
787 235206.00000000
788 235785.00000000
789 236774.00000000
790 236375.00000000
791 235156.00000000
792 235175.00000000
793 237279.00000000
794 237304.00000000
795 249149.00000000
796 325091.00000000
797 302448.00000000
798 302877.00000000
799 303157.00000000
800 426573.00000000
801 229422.00000000
802 200591.00000000
803 200604.00000000
804 200528.00000000
805 200728.00000000
806 201023.00000000
807 201253.00000000
808 201598.00000000
809 202287.00000000
810 202344.00000000
811 214155.00000000
812 202848.00000000
813 203038.00000000
814 202926.00000000
815 203021.00000000
816 202950.00000000
817 203730.00000000
818 203854.00000000
819 204082.00000000
820 204412.00000000
821 203934.00000000
822 204843.00000000
823 208741.00000000
824 205437.00000000
825 205792.00000000
826 205482.00000000
827 206227.00000000
828 206120.00000000
829 206682.00000000
830 206451.00000000
831 207279.00000000
832 207784.00000000
833 220571.00000000
834 208214.00000000
835 208080.00000000
836 208235.00000000
837 208937.00000000
838 208623.00000000
839 208743.00000000
840 209396.00000000
841 209629.00000000
842 227862.00000000
843 320750.00000000
844 284820.00000000
845 319342.00000000
846 372065.00000000
847 406131.00000000
848 236991.00000000
849 235413.00000000
850 235860.00000000
851 236196.00000000
852 248686.00000000
853 247235.00000000
854 249696.00000000
855 251338.00000000
856 250573.00000000
857 248728.00000000
858 249373.00000000
859 252166.00000000
860 252139.00000000
861 253104.00000000
862 249534.00000000
863 250262.00000000
864 251227.00000000
865 253624.00000000
866 262878.00000000
867 251012.00000000
868 250803.00000000
869 252140.00000000
870 251069.00000000
871 251902.00000000
872 251753.00000000
873 251852.00000000
874 252247.00000000
875 252578.00000000
876 255045.00000000
877 259253.00000000
878 256363.00000000
879 253801.00000000
880 253427.00000000
881 265047.00000000
882 256416.00000000
883 256958.00000000
884 255000.00000000
885 255454.00000000
886 258319.00000000
887 258535.00000000
888 252968.00000000
889 255789.00000000
890 255673.00000000
891 250302.00000000
892 242087.00000000
893 274662.00000000
894 258456.00000000
895 256876.00000000
896 260574.00000000
897 261486.00000000
898 267357.00000000
899 258311.00000000
900 259125.00000000
901 259502.00000000
902 258986.00000000
903 262298.00000000
904 262162.00000000
905 271852.00000000
906 260080.00000000
907 260397.00000000
908 259963.00000000
909 260976.00000000
910 264029.00000000
911 263653.00000000
912 264088.00000000
913 261039.00000000
914 262043.00000000
915 264903.00000000
916 264535.00000000
917 262531.00000000
918 278349.00000000
919 262310.00000000
920 262298.00000000
921 262616.00000000
922 265706.00000000
923 266961.00000000
924 272790.00000000
925 263662.00000000
926 280824.00000000
927 357346.00000000
928 353048.00000000
929 352391.00000000
930 474840.00000000
931 326699.00000000
932 232603.00000000
933 232375.00000000
934 232765.00000000
935 233111.00000000
936 233143.00000000
937 233111.00000000
938 233897.00000000
939 291843.00000000
940 234334.00000000
941 234602.00000000
942 235086.00000000
943 235455.00000000
944 235449.00000000
945 235813.00000000
946 243488.00000000
947 294051.00000000
948 244531.00000000
949 236687.00000000
950 236599.00000000
951 237343.00000000
952 237527.00000000
953 237635.00000000
954 242499.00000000
955 244424.00000000
956 238458.00000000
957 238531.00000000
958 238835.00000000
959 238896.00000000
960 239463.00000000
961 252532.00000000
962 240652.00000000
963 240083.00000000
964 240337.00000000
965 240994.00000000
966 240990.00000000
967 367584.00000000
968 370320.00000000
969 338742.00000000
970 381201.00000000
971 334094.00000000
972 280154.00000000
973 272405.00000000
974 273187.00000000
975 286155.00000000
976 277703.00000000
977 279142.00000000
978 279011.00000000
979 286216.00000000
980 283093.00000000
981 279943.00000000
982 280415.00000000
983 288893.00000000
984 276797.00000000
985 277190.00000000
986 276617.00000000
987 277663.00000000
988 281872.00000000
989 282107.00000000
990 277617.00000000
991 278533.00000000
992 278372.00000000
993 278950.00000000
994 279345.00000000
995 279336.00000000
996 278955.00000000
997 283107.00000000
998 283434.00000000
999 283640.00000000
1000 284062.00000000
