0 0.00000000
1 375855.00000000
2 5664.00000000
3 7792.00000000
4 11032.00000000
5 14675.00000000
6 19872.00000000
7 25275.00000000
8 38504.00000000
9 66584.00000000
10 78512.00000000
11 99139.00000000
12 111480.00000000
13 129520.00000000
14 157656.00000000
15 227808.00000000
16 258133.00000000
17 174871.00000000
18 209486.00000000
19 235085.00000000
20 224424.00000000
21 261724.00000000
22 270992.00000000
23 276808.00000000
24 275358.00000000
25 311352.00000000
26 311967.00000000
27 330087.00000000
28 407460.00000000
29 444584.00000000
30 525752.00000000
31 283059.00000000
32 290587.00000000
33 256747.00000000
34 272805.00000000
35 431913.00000000
36 552400.00000000
37 603099.00000000
38 649760.00000000
39 693237.00000000
40 680255.00000000
41 444011.00000000
42 581151.00000000
43 619032.00000000
44 456491.00000000
45 499978.00000000
46 541788.00000000
47 886335.00000000
48 657299.00000000
49 877783.00000000
50 1087475.00000000
51 961802.00000000
52 735233.00000000
53 729776.00000000
54 746003.00000000
55 835216.00000000
56 847784.00000000
57 881115.00000000
58 808826.00000000
59 917000.00000000
60 1038029.00000000
61 950334.00000000
62 955762.00000000
63 1318955.00000000
64 1420400.00000000
65 1234015.00000000
66 971563.00000000
67 1087832.00000000
68 1205373.00000000
69 1182490.00000000
70 1132800.00000000
71 1176143.00000000
72 1193173.00000000
73 1233189.00000000
74 1548250.00000000
75 1685341.00000000
76 1441272.00000000
77 1543562.00000000
78 1419902.00000000
79 1452023.00000000
80 1683087.00000000
81 1442435.00000000
82 1485674.00000000
83 1649919.00000000
84 1816209.00000000
85 1822745.00000000
86 2103447.00000000
87 1772450.00000000
88 1820952.00000000
89 2477728.00000000
90 1937135.00000000
91 1961217.00000000
92 2444884.00000000
93 2452456.00000000
94 1904428.00000000
95 1892829.00000000
96 1927222.00000000
97 2270506.00000000
98 2296371.00000000
99 2285729.00000000
100 2660551.00000000
101 2189541.00000000
102 2549716.00000000
103 3746450.00000000
104 3063519.00000000
105 2318562.00000000
106 2370033.00000000
107 3879422.00000000
108 4028742.00000000
109 2573282.00000000
110 2997955.00000000
111 2789286.00000000
112 2660377.00000000
113 3170939.00000000
114 3330636.00000000
115 4011063.00000000
116 3608683.00000000
117 2885458.00000000
118 2933699.00000000
119 2962185.00000000
120 3015125.00000000
121 3062756.00000000
122 3732267.00000000
123 4558516.00000000
124 4499524.00000000
125 3264420.00000000
126 4102360.00000000
127 3508543.00000000
128 3432907.00000000
129 3455243.00000000
130 3990781.00000000
131 3984455.00000000
132 4867603.00000000
133 3692038.00000000
134 3880512.00000000
135 4463259.00000000
136 5671018.00000000
137 4286610.00000000
138 6987785.00000000
139 4121493.00000000
140 4445533.00000000
141 5978404.00000000
142 4295919.00000000
143 6395689.00000000
144 5522393.00000000
145 4976872.00000000
146 4524047.00000000
147 4907581.00000000
148 6249367.00000000
149 5452545.00000000
150 6839405.00000000
151 5205340.00000000
152 5364985.00000000
153 5731919.00000000
154 5744218.00000000
155 5411498.00000000
156 9266225.00000000
157 6461443.00000000
158 6455990.00000000
159 5359727.00000000
160 6326464.00000000
161 6653118.00000000
162 7191824.00000000
163 7970262.00000000
164 9138373.00000000
165 7691825.00000000
166 6219591.00000000
167 6014710.00000000
168 9692884.00000000
169 6369396.00000000
170 9981037.00000000
171 8159584.00000000
172 6264106.00000000
173 7000664.00000000
174 6823298.00000000
175 6853170.00000000
176 6689737.00000000
177 7630223.00000000
178 8827042.00000000
179 10031637.00000000
180 9723331.00000000
181 7585100.00000000
182 10070638.00000000
183 7222659.00000000
184 7476876.00000000
185 8660450.00000000
186 9215439.00000000
187 11030469.00000000
188 10014197.00000000
189 7671756.00000000
190 7767529.00000000
191 7857308.00000000
192 8129180.00000000
193 9270493.00000000
194 10211443.00000000
195 8354298.00000000
196 10896626.00000000
197 11830692.00000000
198 9465171.00000000
199 8840887.00000000
200 8830701.00000000
201 9302550.00000000
202 8971572.00000000
203 10088766.00000000
204 9072650.00000000
205 14699429.00000000
206 9725445.00000000
207 10690524.00000000
208 11412931.00000000
209 10664471.00000000
210 13209980.00000000
211 14332154.00000000
212 11270226.00000000
213 11371483.00000000
214 10002069.00000000
215 11445472.00000000
216 11096259.00000000
217 12275426.00000000
218 11548208.00000000
219 11526041.00000000
220 10737052.00000000
221 12299720.00000000
222 12330919.00000000
223 12106478.00000000
224 11140171.00000000
225 16056754.00000000
226 12867996.00000000
227 11806177.00000000
228 12065803.00000000
229 13565888.00000000
230 17514638.00000000
231 12582196.00000000
232 13967798.00000000
233 12413322.00000000
234 15158801.00000000
235 16527582.00000000
236 17746917.00000000
237 17607354.00000000
238 13711509.00000000
239 17136572.00000000
240 14218208.00000000
241 13271990.00000000
242 15082826.00000000
243 18913315.00000000
244 14566791.00000000
245 15772540.00000000
246 18176945.00000000
247 14524399.00000000
248 15386804.00000000
249 21248311.00000000
250 16584841.00000000
251 17086438.00000000
252 15888464.00000000
253 21968997.00000000
254 18736561.00000000
255 15322226.00000000
256 16521564.00000000
257 19172717.00000000
258 20013337.00000000
259 16150344.00000000
260 16891614.00000000
261 17414621.00000000
262 15871781.00000000
263 22444174.00000000
264 19318812.00000000
265 18209547.00000000
266 21327298.00000000
267 16142140.00000000
268 17438770.00000000
269 21864058.00000000
270 21297010.00000000
271 20884889.00000000
272 18853473.00000000
273 17280379.00000000
274 18907499.00000000
275 21904854.00000000
276 24186589.00000000
277 18356869.00000000
278 24431416.00000000
279 23969121.00000000
280 27686269.00000000
281 21933929.00000000
282 19468484.00000000
283 30997260.00000000
284 24312291.00000000
285 20385250.00000000
286 21363039.00000000
287 21466935.00000000
288 26653782.00000000
289 21133836.00000000
290 22168406.00000000
291 27214816.00000000
292 22632963.00000000
293 22232392.00000000
294 25755472.00000000
295 24294514.00000000
296 27424168.00000000
297 26330882.00000000
298 32248493.00000000
299 27580617.00000000
300 23427713.00000000
301 27834032.00000000
302 24511434.00000000
303 25214532.00000000
304 26265671.00000000
305 27695759.00000000
306 23461062.00000000
307 26643548.00000000
308 25375957.00000000
309 30124655.00000000
310 23487605.00000000
311 26898168.00000000
312 33906112.00000000
313 29972325.00000000
314 29998543.00000000
315 35467449.00000000
316 30101511.00000000
317 27617994.00000000
318 26653397.00000000
319 32962454.00000000
320 24988470.00000000
321 30577895.00000000
322 27488432.00000000
323 29334522.00000000
324 33001891.00000000
325 31451903.00000000
326 30936583.00000000
327 31231434.00000000
328 38561460.00000000
329 33240781.00000000
330 29351446.00000000
331 31265828.00000000
332 31308959.00000000
333 34883535.00000000
334 30944576.00000000
335 36936992.00000000
336 26873404.00000000
337 31861492.00000000
338 31967127.00000000
339 32927777.00000000
340 32807550.00000000
341 29709370.00000000
342 36164487.00000000
343 37908129.00000000
344 37393236.00000000
345 32343814.00000000
346 30407116.00000000
347 33819384.00000000
348 34333847.00000000
349 29317502.00000000
350 37464715.00000000
351 33108310.00000000
352 38000867.00000000
353 30386375.00000000
354 29958541.00000000
355 34661979.00000000
356 33046905.00000000
357 37428127.00000000
358 30828872.00000000
359 33407690.00000000
360 37278108.00000000
361 33701242.00000000
362 34897442.00000000
363 40140510.00000000
364 37987124.00000000
365 42741157.00000000
366 40978873.00000000
367 42972651.00000000
368 45504557.00000000
369 36054727.00000000
370 40172651.00000000
371 43930204.00000000
372 34727417.00000000
373 50219890.00000000
374 35478119.00000000
375 42083906.00000000
376 40996379.00000000
377 40386163.00000000
378 44358812.00000000
379 43893689.00000000
380 46189396.00000000
381 38815674.00000000
382 37927908.00000000
383 49998133.00000000
384 45584957.00000000
385 48972207.00000000
386 46691697.00000000
387 44809791.00000000
388 47852665.00000000
389 47779216.00000000
390 42861592.00000000
391 38642518.00000000
392 55115943.00000000
393 47276148.00000000
394 47976545.00000000
395 47482135.00000000
396 44786919.00000000
397 44876955.00000000
398 49291295.00000000
399 39992299.00000000
400 44707836.00000000
401 58483399.00000000
402 52146205.00000000
403 56710570.00000000
404 47571118.00000000
405 44023630.00000000
406 53054269.00000000
407 57957712.00000000
408 46720247.00000000
409 41952153.00000000
410 46094354.00000000
411 52717555.00000000
412 51325584.00000000
413 50369083.00000000
414 53732713.00000000
415 52339792.00000000
416 58819182.00000000
417 50617633.00000000
418 52376311.00000000
419 47644312.00000000
420 64743251.00000000
421 67899521.00000000
422 51937616.00000000
423 61349969.00000000
424 51590089.00000000
425 56691357.00000000
426 59889434.00000000
427 49006657.00000000
428 51024385.00000000
429 59022751.00000000
430 61770722.00000000
431 53003550.00000000
432 57584260.00000000
433 64958699.00000000
434 56134005.00000000
435 70743852.00000000
436 59889374.00000000
437 67096824.00000000
438 56939685.00000000
439 62953041.00000000
440 50749419.00000000
441 62560695.00000000
442 54936561.00000000
443 51237774.00000000
444 56436093.00000000
445 64973600.00000000
446 61078168.00000000
447 59768271.00000000
448 52218826.00000000
449 67974201.00000000
450 71441728.00000000
451 55306608.00000000
452 57844577.00000000
453 61435226.00000000
454 54556359.00000000
455 65210522.00000000
456 65336987.00000000
457 60041356.00000000
458 66647927.00000000
459 75485827.00000000
460 112853283.00000000
461 110255633.00000000
462 69953811.00000000
463 68569554.00000000
464 142729026.00000000
465 121023689.00000000
466 125223942.00000000
467 116288537.00000000
468 114983656.00000000
469 114099951.00000000
470 113352041.00000000
471 113131766.00000000
472 114914571.00000000
473 116820710.00000000
474 122180035.00000000
475 117957696.00000000
476 121645944.00000000
477 119631561.00000000
478 121893046.00000000
479 124834720.00000000
480 124500433.00000000
481 122562341.00000000
482 93114482.00000000
483 77168056.00000000
484 69737865.00000000
485 67246166.00000000
486 67004491.00000000
487 76536221.00000000
488 68402487.00000000
489 70841806.00000000
490 73207807.00000000
491 66085524.00000000
492 70035343.00000000
493 76977083.00000000
494 67883579.00000000
495 84133646.00000000
496 78290417.00000000
497 84400641.00000000
498 94982685.00000000
499 116636441.00000000
500 76054716.00000000
501 79905143.00000000
502 74838925.00000000
503 78818250.00000000
504 82223375.00000000
505 81054332.00000000
506 77017410.00000000
507 73793339.00000000
508 74511067.00000000
509 85642143.00000000
510 76521885.00000000
511 100126510.00000000
512 111616540.00000000
513 104955753.00000000
514 101663110.00000000
515 101693948.00000000
516 87725793.00000000
517 93104620.00000000
518 91114712.00000000
519 79298892.00000000
520 80797929.00000000
521 94568016.00000000
522 105149388.00000000
523 109876987.00000000
524 90436236.00000000
525 104167568.00000000
526 100681000.00000000
527 85839972.00000000
528 80983400.00000000
529 89258980.00000000
530 88465332.00000000
531 84700101.00000000
532 82398407.00000000
533 95341688.00000000
534 96411674.00000000
535 84309559.00000000
536 113901404.00000000
537 151203441.00000000
538 116990621.00000000
539 166835392.00000000
540 131528801.00000000
541 99443662.00000000
542 110947914.00000000
543 89933269.00000000
544 89835671.00000000
545 127442595.00000000
546 161052113.00000000
547 106685706.00000000
548 111549490.00000000
549 99437914.00000000
550 83699996.00000000
551 97720812.00000000
552 96871908.00000000
553 132893169.00000000
554 100251282.00000000
555 95952071.00000000
556 111110887.00000000
557 152527523.00000000
558 138775700.00000000
559 135482878.00000000
560 102795097.00000000
561 85033833.00000000
562 106740466.00000000
563 87274914.00000000
564 85005009.00000000
565 89372016.00000000
566 87303908.00000000
567 85803576.00000000
568 97928204.00000000
569 86859357.00000000
570 89858454.00000000
571 89025904.00000000
572 89935752.00000000
573 110476440.00000000
574 121424152.00000000
575 100606416.00000000
576 110458146.00000000
577 107343185.00000000
578 111544843.00000000
579 129875363.00000000
580 102937724.00000000
581 102925965.00000000
582 96315246.00000000
583 98930922.00000000
584 116522270.00000000
585 121461699.00000000
586 128246078.00000000
587 114634001.00000000
588 109713548.00000000
589 135926617.00000000
590 130906533.00000000
591 101731990.00000000
592 110696951.00000000
593 105404461.00000000
594 127908987.00000000
595 117062696.00000000
596 102326797.00000000
597 115012202.00000000
598 131707524.00000000
599 119186135.00000000
600 129056986.00000000
601 111573369.00000000
602 131182863.00000000
603 139595528.00000000
604 124269617.00000000
605 143990797.00000000
606 122896757.00000000
607 113571768.00000000
608 114224970.00000000
609 130080827.00000000
610 126821412.00000000
611 109884278.00000000
612 114872469.00000000
613 141519531.00000000
614 111161714.00000000
615 111826293.00000000
616 117679630.00000000
617 112322669.00000000
618 130541354.00000000
619 113756631.00000000
620 107008500.00000000
621 118951281.00000000
622 110302380.00000000
623 107999040.00000000
624 108515072.00000000
625 108222070.00000000
626 122138973.00000000
627 115352241.00000000
628 116660333.00000000
629 110938911.00000000
630 113698386.00000000
631 111126502.00000000
632 115399310.00000000
633 119995155.00000000
634 114984247.00000000
635 114281963.00000000
636 117210041.00000000
637 118789177.00000000
638 118007457.00000000
639 152070904.00000000
640 112382764.00000000
641 135896273.00000000
642 129223652.00000000
643 111336063.00000000
644 112795676.00000000
645 138680390.00000000
646 134162896.00000000
647 151104121.00000000
648 123847490.00000000
649 128697294.00000000
650 122736749.00000000
651 143855215.00000000
652 146222555.00000000
653 139735815.00000000
654 132280491.00000000
655 128351290.00000000
656 147204710.00000000
657 145129836.00000000
658 146846502.00000000
659 137205744.00000000
660 133680643.00000000
661 138874919.00000000
662 137539242.00000000
663 149624233.00000000
664 156456442.00000000
665 142749324.00000000
666 139543707.00000000
667 124655276.00000000
668 123146354.00000000
669 126652897.00000000
670 120018145.00000000
671 127476206.00000000
672 124319408.00000000
673 122789013.00000000
674 126836442.00000000
675 127315210.00000000
676 121118706.00000000
677 136038580.00000000
678 125570830.00000000
679 132483287.00000000
680 124331622.00000000
681 152978194.00000000
682 145814348.00000000
683 182970827.00000000
684 181729324.00000000
685 134761909.00000000
686 160821411.00000000
687 196837634.00000000
688 144811329.00000000
689 214753418.00000000
690 172897170.00000000
691 138269202.00000000
692 178941670.00000000
693 147463787.00000000
694 155612388.00000000
695 170816657.00000000
696 149074180.00000000
697 156342935.00000000
698 166795162.00000000
699 145586202.00000000
700 169089132.00000000
701 146477571.00000000
702 157426658.00000000
703 156174701.00000000
704 137294734.00000000
705 139109085.00000000
706 156649032.00000000
707 147457816.00000000
708 146976289.00000000
709 137031873.00000000
710 146271131.00000000
711 167474040.00000000
712 151594797.00000000
713 162295494.00000000
714 165010920.00000000
715 219034867.00000000
716 165436238.00000000
717 178681212.00000000
718 170303743.00000000
719 146363035.00000000
720 164471933.00000000
721 142041809.00000000
722 159703379.00000000
723 147699737.00000000
724 158206204.00000000
725 163827713.00000000
726 170879301.00000000
727 159025950.00000000
728 192728728.00000000
729 151605879.00000000
730 146142490.00000000
731 160022340.00000000
732 175239941.00000000
733 162321811.00000000
734 164283256.00000000
735 164817929.00000000
736 171083361.00000000
737 159602933.00000000
738 176374856.00000000
739 198739970.00000000
740 167872358.00000000
741 164081297.00000000
742 165241412.00000000
743 151953521.00000000
744 200780889.00000000
745 155454901.00000000
746 161989799.00000000
747 162358881.00000000
748 215397647.00000000
749 161098504.00000000
750 176620128.00000000
751 174460723.00000000
752 178401745.00000000
753 189508204.00000000
754 154646935.00000000
755 159124634.00000000
756 167083314.00000000
757 210106827.00000000
758 173452914.00000000
759 200746534.00000000
760 167835844.00000000
761 172757949.00000000
762 159505124.00000000
763 175087302.00000000
764 176379240.00000000
765 179677434.00000000
766 173058573.00000000
767 172498422.00000000
768 169730392.00000000
769 189879076.00000000
770 202811346.00000000
771 171400353.00000000
772 176278288.00000000
773 182263887.00000000
774 203812270.00000000
775 195858023.00000000
776 204712596.00000000
777 174240891.00000000
778 200756374.00000000
779 174557005.00000000
780 175463273.00000000
781 167721979.00000000
782 184754044.00000000
783 168202766.00000000
784 174426541.00000000
785 179951364.00000000
786 175602608.00000000
787 185300187.00000000
788 173625965.00000000
789 169863603.00000000
790 176931045.00000000
791 180991570.00000000
792 201577213.00000000
793 199368203.00000000
794 204417500.00000000
795 191865529.00000000
796 189798406.00000000
797 182283296.00000000
798 190272389.00000000
799 183165405.00000000
800 197717449.00000000
801 201401901.00000000
802 220623476.00000000
803 212025577.00000000
804 193690675.00000000
805 193809023.00000000
806 199097794.00000000
807 186327308.00000000
808 208471399.00000000
809 194895518.00000000
810 209039288.00000000
811 224378613.00000000
812 206090910.00000000
813 195521440.00000000
814 191052232.00000000
815 183318907.00000000
816 218547116.00000000
817 222720711.00000000
818 207506691.00000000
819 203616883.00000000
820 197467220.00000000
821 198133055.00000000
822 187348774.00000000
823 183610264.00000000
824 195649794.00000000
825 197805693.00000000
826 205464565.00000000
827 219151862.00000000
828 208979820.00000000
829 196791317.00000000
830 202227366.00000000
831 222016461.00000000
832 209114392.00000000
833 210360739.00000000
834 207798045.00000000
835 208565120.00000000
836 206860859.00000000
837 208184823.00000000
838 203422669.00000000
839 210175145.00000000
840 220835271.00000000
841 206230363.00000000
842 209663347.00000000
843 205104568.00000000
844 221782500.00000000
845 217060172.00000000
846 204970377.00000000
847 203627670.00000000
848 236606387.00000000
849 214607540.00000000
850 216384754.00000000
851 242928792.00000000
852 263987735.00000000
853 216201220.00000000
854 233162924.00000000
855 216127684.00000000
856 234608411.00000000
857 238652558.00000000
858 208360520.00000000
859 210207330.00000000
860 200554820.00000000
861 222937506.00000000
862 222621766.00000000
863 204257406.00000000
864 204804509.00000000
865 220297812.00000000
866 216670859.00000000
867 215879113.00000000
868 244982971.00000000
869 215183259.00000000
870 244102089.00000000
871 210207360.00000000
872 219426866.00000000
873 214278875.00000000
874 213287996.00000000
875 224048465.00000000
876 226662398.00000000
877 252124998.00000000
878 221932520.00000000
879 241548503.00000000
880 220792813.00000000
881 220996421.00000000
882 210830053.00000000
883 216638904.00000000
884 215788488.00000000
885 217689839.00000000
886 217473001.00000000
887 212895740.00000000
888 214314811.00000000
889 217252122.00000000
890 225598037.00000000
891 214624876.00000000
892 228248226.00000000
893 217226659.00000000
894 235869654.00000000
895 233679959.00000000
896 227999406.00000000
897 232449491.00000000
898 225739618.00000000
899 226041683.00000000
900 231773738.00000000
901 218768347.00000000
902 233982819.00000000
903 243449018.00000000
904 221723522.00000000
905 223040990.00000000
906 225477867.00000000
907 222685207.00000000
908 220828175.00000000
909 227435610.00000000
910 229917102.00000000
911 228993144.00000000
912 228529260.00000000
913 254502096.00000000
914 267729109.00000000
915 228059929.00000000
916 250402047.00000000
917 270651339.00000000
918 271396827.00000000
919 261517325.00000000
920 263887440.00000000
921 267395042.00000000
922 245205927.00000000
923 287060447.00000000
924 254347055.00000000
925 258195900.00000000
926 241542573.00000000
927 271564489.00000000
928 269526275.00000000
929 284524835.00000000
930 253520313.00000000
931 259512726.00000000
932 290755978.00000000
933 253674965.00000000
934 264451362.00000000
935 281185385.00000000
936 254977149.00000000
937 266960322.00000000
938 274022109.00000000
939 268828132.00000000
940 252251002.00000000
941 269735070.00000000
942 280066621.00000000
943 262409521.00000000
944 268236379.00000000
945 260213834.00000000
946 289467439.00000000
947 254840892.00000000
948 270162890.00000000
949 248674240.00000000
950 257561096.00000000
951 256583828.00000000
952 263330225.00000000
953 254946828.00000000
954 249368063.00000000
955 284345142.00000000
956 297480384.00000000
957 318495884.00000000
958 304847498.00000000
959 296771194.00000000
960 303586337.00000000
961 280327879.00000000
962 292539198.00000000
963 308038102.00000000
964 298096551.00000000
965 290687764.00000000
966 312418117.00000000
967 308372846.00000000
968 290610665.00000000
969 290478785.00000000
970 300859034.00000000
971 306096485.00000000
972 296191689.00000000
973 299886517.00000000
974 295671770.00000000
975 324712136.00000000
976 294649133.00000000
977 317067768.00000000
978 299669931.00000000
979 309220007.00000000
980 296879716.00000000
981 323033524.00000000
982 292431614.00000000
983 297273430.00000000
984 318286205.00000000
985 308937975.00000000
986 323384902.00000000
987 304973689.00000000
988 302281783.00000000
989 353599216.00000000
990 292805769.00000000
991 289577857.00000000
992 289158638.00000000
993 293229428.00000000
994 275111868.00000000
995 333606954.00000000
996 338319005.00000000
997 332699588.00000000
998 366440239.00000000
999 296662430.00000000
1000 294367843.00000000
